# -*- coding: utf-8 -*-
a=[
[9.94509532e-01,5.47972523e-03,1.98575891e-07,1.01535382e-05
,3.90732526e-07],
[9.91685110e-01,8.24802292e-03,3.60495909e-07,6.52115068e-05
,1.29483558e-06],
[9.97649990e-01,2.34221771e-03,6.37805369e-08,7.54231457e-06
,1.86627857e-07],
[9.93432198e-01,6.52272359e-03,2.60985015e-07,4.39127326e-05
,9.04664260e-07],
[9.70686550e-01,2.92832658e-02,1.89577138e-06,2.62765993e-05
,2.01142030e-06],
[8.68210862e-01,1.23996274e-01,1.57026635e-05,7.68654814e-03
,9.06129832e-05],
[9.97643729e-01,2.34848653e-03,6.40048778e-08,7.53373310e-06
,1.86872541e-07],
[9.97520942e-01,2.47050916e-03,6.86354060e-08,8.27781795e-06
,2.02731420e-07],
[9.87631211e-01,1.22468124e-02,6.20831902e-07,1.19045574e-04
,2.31039332e-06],
[2.63145912e-05,1.30592293e-01,2.22602348e-03,3.47803373e-04
,8.66807566e-01],
[2.96802127e-05,3.62749358e-02,1.37151409e-04,9.60318095e-01
,3.24013731e-03],
[9.97639125e-01,2.35301044e-03,6.41872866e-08,7.61182293e-06
,1.88069858e-07],
[7.19631631e-04,1.12643772e-01,1.98044476e-04,8.82770775e-01
,3.66777724e-03],
[9.87658629e-01,1.22084894e-02,6.18909460e-07,1.29879759e-04
,2.38273604e-06],
[6.90485739e-01,2.75422880e-01,5.12582858e-05,3.36943395e-02
,3.45783329e-04],
[2.64253996e-02,5.58452826e-01,4.44340934e-04,4.11178032e-01
,3.49940192e-03],
[0.00459415,0.72480874,0.00253469,0.00368769,0.26437473],
[8.26395153e-04,1.09802486e-01,1.79198956e-04,8.86061221e-01
,3.13069957e-03],
[9.73949234e-01,2.55730323e-02,1.71853422e-06,4.68519207e-04
,7.49607111e-06],
[9.97668606e-01,2.32370563e-03,6.30886983e-08,7.44120165e-06
,1.84374528e-07],
[5.21576012e-01,3.96101180e-01,9.37233425e-05,8.15171482e-02
,7.11936328e-04],
[9.97430153e-01,2.56093125e-03,7.22511192e-08,8.62789021e-06
,2.15724147e-07],
[9.97659930e-01,2.33233673e-03,6.34228588e-08,7.48444734e-06
,1.85628500e-07],
[9.97101113e-01,2.88836327e-03,8.49483591e-08,1.01886954e-05
,2.50467575e-07],
[9.35990896e-01,6.17759139e-02,5.86084982e-06,2.19755771e-03
,2.97715400e-05],
[9.89531816e-01,1.03686406e-02,4.94521003e-07,9.71917301e-05
,1.85680893e-06],
[3.03978929e-04,7.19726149e-02,1.45967160e-04,9.24711847e-01
,2.86559179e-03],
[9.93081047e-01,6.86949230e-03,2.80273969e-07,4.81994204e-05
,9.81016306e-07],
[9.97096986e-01,2.89208371e-03,8.51785725e-08,1.05893480e-05
,2.55291596e-07],
[9.12311940e-01,8.39227724e-02,9.00980298e-06,3.70840419e-03
,4.78732033e-05],
[9.95305682e-01,4.68223565e-03,1.61787361e-07,1.15479111e-05
,3.73070954e-07],
[9.96585008e-01,3.40054502e-03,1.06727549e-07,1.40058473e-05
,3.33922766e-07],
[9.96805555e-01,3.18135372e-03,9.71589666e-08,1.26959343e-05
,2.98200367e-07],
[9.97675964e-01,2.31638060e-03,6.28174969e-08,7.40946363e-06
,1.83584226e-07],
[9.97644978e-01,2.34726600e-03,6.39621246e-08,7.50535503e-06
,1.86621527e-07],
[6.04096324e-09,2.17007387e-02,3.39312067e-03,6.90741373e-03
,9.67998721e-01],
[9.97674428e-01,2.31790757e-03,6.28743618e-08,7.41754639e-06
,1.83766714e-07],
[9.97438206e-01,2.55283033e-03,7.17826813e-08,8.67997295e-06
,2.12323841e-07],
[9.97653947e-01,2.33831504e-03,6.36274528e-08,7.48867458e-06
,1.85775675e-07],
[9.96704618e-01,3.28458994e-03,1.00788081e-07,1.04148521e-05
,2.76738348e-07],
[9.76672890e-01,2.33131912e-02,1.36567555e-06,1.14126144e-05
,1.14039908e-06],
[9.18690175e-01,7.79370450e-02,8.12228329e-06,3.32164937e-03
,4.30083347e-05],
[3.50963225e-02,4.03717946e-01,2.63691005e-04,5.57856729e-01
,3.06531089e-03],
[1.72155712e-08,8.47748469e-02,7.52598670e-03,7.91695899e-01
,1.16003250e-01],
[9.97653247e-01,2.33901798e-03,6.36512352e-08,7.48524883e-06
,1.85758485e-07],
[5.73767806e-01,3.61679897e-01,7.97722982e-05,6.38900754e-02
,5.82449621e-04],
[8.63281376e-02,4.91242809e-01,2.46775271e-04,4.19597223e-01
,2.58505484e-03],
[7.74603195e-07,6.24746322e-03,4.73921564e-05,9.92057959e-01
,1.64641058e-03],
[8.80560688e-01,1.18870002e-01,1.93361986e-05,3.38852652e-04
,2.11121418e-04],
[9.97605805e-01,2.38614366e-03,6.54365322e-08,7.79352014e-06
,1.92200580e-07],
[9.97674534e-01,2.31780929e-03,6.28689332e-08,7.40974094e-06
,1.83666602e-07],
[9.97673107e-01,2.31923516e-03,6.29205330e-08,7.41081157e-06
,1.83759649e-07],
[8.59707290e-01,1.39666406e-01,1.73435479e-05,5.78762519e-04
,3.01981206e-05],
[9.94473573e-01,5.49708910e-03,2.07394391e-07,2.84382578e-05
,6.92250159e-07],
[2.48223254e-02,9.74418738e-01,7.26146896e-04,4.31760982e-06
,2.84725432e-05],
[9.20646886e-01,7.88714132e-02,7.79013540e-06,4.57489608e-04
,1.64211973e-05],
[9.97627875e-01,2.36419954e-03,6.46086232e-08,7.67168247e-06
,1.89455717e-07],
[9.95150121e-01,4.82318424e-03,1.72218093e-07,2.59561794e-05
,5.65992295e-07],
[9.35320966e-01,6.25080036e-02,5.94970254e-06,2.13547717e-03
,2.96040204e-05],
[9.97536028e-01,2.45560567e-03,6.80528542e-08,8.09840325e-06
,1.99891456e-07],
[1.77661010e-06,1.64960959e-02,1.32705009e-04,9.79831858e-01
,3.53756403e-03],
[9.83676126e-01,1.61100842e-02,9.07585012e-07,2.09219713e-04
,3.66232542e-06],
[9.96727392e-01,3.25886176e-03,1.00451491e-07,1.33356331e-05
,3.10639046e-07],
[9.97609946e-01,2.38206002e-03,6.52706109e-08,7.73779032e-06
,1.91217414e-07],
[9.93637028e-01,6.32015466e-03,2.49915501e-07,4.17046474e-05
,8.62917109e-07],
[9.96090123e-01,3.89625039e-03,1.32429586e-07,1.30382956e-05
,4.55601775e-07],
[8.05938125e-01,1.84967748e-01,2.95702513e-05,8.85252806e-03
,2.12028013e-04],
[8.08102089e-07,2.88042824e-01,7.41168500e-03,6.84522466e-01
,2.00222161e-02],
[9.95311064e-01,4.67083011e-03,1.63664967e-07,1.74769793e-05
,4.65190709e-07],
[9.96891410e-01,3.09918763e-03,9.29431999e-08,9.06121228e-06
,2.48228691e-07],
[9.97459566e-01,2.53151956e-03,7.09777553e-08,8.63259845e-06
,2.10512000e-07],
[6.49388100e-05,4.50816142e-02,1.39944237e-04,9.51263651e-01
,3.44985156e-03],
[9.97556357e-01,2.43532285e-03,6.73013821e-08,8.05474918e-06
,1.98274883e-07],
[3.22298508e-07,1.56281100e-02,2.62825059e-04,9.71180969e-01
,1.29277740e-02],
[9.97341462e-01,2.64899138e-03,7.55245174e-08,9.24617017e-06
,2.24691438e-07],
[9.97279584e-01,2.71236434e-03,7.75501854e-08,7.76378192e-06
,2.09878861e-07],
[1.45616890e-06,1.94074796e-02,2.05141477e-04,9.69173138e-01
,1.12127843e-02],
[0.0009537,0.74043706,0.00459273,0.00089299,0.25312353],
[9.97510684e-01,2.48074419e-03,6.90179558e-08,8.29880399e-06
,2.03575576e-07],
[9.97675410e-01,2.31693309e-03,6.28376002e-08,7.41043999e-06
,1.83626673e-07],
[9.97676019e-01,2.31632568e-03,6.28154425e-08,7.40912804e-06
,1.83577146e-07],
[1.58832700e-06,8.30749702e-03,5.36408303e-05,9.89880689e-01
,1.75658481e-03],
[1.07922923e-02,3.62656877e-01,3.75124118e-04,6.20011389e-01
,6.16431690e-03],
[9.92446887e-01,7.49584987e-03,3.16013571e-07,5.58264705e-05
,1.12027274e-06],
[9.97485681e-01,2.50653644e-03,6.97727285e-08,7.51733853e-06
,1.95353099e-07],
[9.97068071e-01,2.92134036e-03,8.70476174e-08,1.02323122e-05
,2.69171222e-07],
[9.89987513e-01,9.98576686e-03,4.61371951e-07,2.51955001e-05
,1.06293304e-06],
[9.97675370e-01,2.31697158e-03,6.28393856e-08,7.41210677e-06
,1.83648957e-07],
[9.93755871e-01,6.20270397e-03,2.43507860e-07,4.03445104e-05
,8.37242153e-07],
[9.97599531e-01,2.39238980e-03,6.56757788e-08,7.82027978e-06
,1.92985727e-07],
[9.97675190e-01,2.31715138e-03,6.28460817e-08,7.41207139e-06
,1.83663182e-07],
[9.97355837e-01,2.63494302e-03,7.49256178e-08,8.92514330e-06
,2.20167958e-07],
[9.97473235e-01,2.51799665e-03,7.04409398e-08,8.48983897e-06
,2.08002774e-07],
[1.46242545e-05,1.06505652e-01,1.02823339e-03,8.20468480e-01
,7.19830101e-02],
[2.87859639e-01,6.29049144e-01,2.18615064e-04,8.15815318e-02
,1.29106987e-03],
[1.03473698e-01,8.58850973e-01,8.31908811e-04,3.55066937e-03
,3.32927509e-02],
[9.97604617e-01,2.38736063e-03,6.54699570e-08,7.76550588e-06
,1.91850223e-07],
[9.97663892e-01,2.32844307e-03,6.32536048e-08,7.41740755e-06
,1.84350148e-07],
[1.19097393e-05,1.97212740e-02,8.26783576e-05,9.77997496e-01
,2.18664142e-03],
[9.97670582e-01,2.32173875e-03,6.30159746e-08,7.43208028e-06
,1.84160369e-07],
[2.86129465e-01,5.34652232e-01,1.80073365e-04,1.77382933e-01
,1.65529701e-03],
[9.89941182e-01,1.00462967e-02,4.56255739e-07,1.13249827e-05
,7.39894800e-07],
[2.11523140e-01,5.29587159e-01,1.95785372e-04,2.56884091e-01
,1.80982461e-03],
[9.97376678e-01,2.61536044e-03,7.38708998e-08,7.68440759e-06
,2.03548006e-07],
[9.92510250e-01,7.43311140e-03,3.12408501e-07,5.52188772e-05
,1.10774649e-06],
[9.96805047e-01,3.18198333e-03,9.73007565e-08,1.25729062e-05
,2.99776102e-07],
[9.97671181e-01,2.32114798e-03,6.30021981e-08,7.42404318e-06
,1.84215185e-07],
[9.66625070e-01,3.31748835e-02,2.81155997e-06,1.79355096e-04
,1.78798913e-05],
[9.96063890e-01,3.92045619e-03,1.30692810e-07,1.51088583e-05
,4.14061669e-07],
[2.23026461e-05,2.51433489e-02,9.15667262e-05,9.72410779e-01
,2.33200308e-03],
[9.91829202e-01,8.10508868e-03,3.51948764e-07,6.40910488e-05
,1.26586651e-06],
[0.0015189,0.69182895,0.00304064,0.04993472,0.25367679],
[9.97674229e-01,2.31810748e-03,6.28813694e-08,7.41679824e-06
,1.83768700e-07],
[9.97662204e-01,2.33006559e-03,6.33289121e-08,7.48223730e-06
,1.85248617e-07],
[6.93551830e-01,3.03052730e-01,7.66078867e-05,2.25923633e-03
,1.05959552e-03],
[8.58557106e-01,1.40883646e-01,2.42120824e-05,3.15261369e-04
,2.19774275e-04],
[9.97533667e-01,2.45800000e-03,6.81313605e-08,8.06484908e-06
,1.99594202e-07],
[4.57725554e-06,1.32979943e-02,6.87943649e-05,9.84635196e-01
,1.99343807e-03],
[9.97056692e-01,2.93195965e-03,8.68339062e-08,1.09990869e-05
,2.62584268e-07],
[5.30463813e-01,3.96402612e-01,9.33638331e-05,7.23497115e-02
,6.90499832e-04],
[9.97592372e-01,2.39970335e-03,6.59405439e-08,7.66651895e-06
,1.92228570e-07],
[9.97342382e-01,2.64970545e-03,7.51374568e-08,7.63241404e-06
,2.04587068e-07],
[9.70304025e-01,2.92160019e-02,2.05361004e-06,4.69662584e-04
,8.25710588e-06],
[9.92259712e-01,7.72408715e-03,3.35333048e-07,1.49835969e-05
,8.82069918e-07],
[9.97583574e-01,2.40842037e-03,6.63627173e-08,7.74438139e-06
,1.95349758e-07],
[9.97624858e-01,2.36745538e-03,6.46668961e-08,7.43565925e-06
,1.86723437e-07],
[9.95590894e-01,4.38621809e-03,1.51160482e-07,2.22461440e-05
,4.91066028e-07],
[9.97307724e-01,2.68243151e-03,7.68595994e-08,9.53794481e-06
,2.30143132e-07],
[9.97615575e-01,2.37643271e-03,6.50658703e-08,7.73608580e-06
,1.90881671e-07],
[9.85298615e-01,1.45848789e-02,8.25170203e-07,1.12040661e-04
,3.64056340e-06],
[9.97443821e-01,2.54836292e-03,7.13283764e-08,7.54639677e-06
,1.97995780e-07],
[9.97672328e-01,2.32001467e-03,6.29484749e-08,7.41068540e-06
,1.83799941e-07],
[9.97646140e-01,2.34616371e-03,6.39017323e-08,7.44644015e-06
,1.85721930e-07],
[3.67885792e-05,3.25871930e-02,1.07968846e-04,9.64761055e-01
,2.50699462e-03],
[9.97595751e-01,2.39613652e-03,6.58104156e-08,7.85339775e-06
,1.93404870e-07],
[9.95315478e-01,4.65942917e-03,1.64449057e-07,2.43873660e-05
,5.41123279e-07],
[9.97600801e-01,2.39115213e-03,6.56523397e-08,7.78787088e-06
,1.93104053e-07],
[9.91151325e-01,8.77425060e-03,3.92653863e-07,7.26041729e-05
,1.42733825e-06],
[9.81455122e-01,1.83318328e-02,1.08241073e-06,2.07846901e-04
,4.11569905e-06],
[4.78304449e-05,9.90362880e-01,7.48208075e-03,1.14765601e-03
,9.59553135e-04],
[9.97672260e-01,2.32006542e-03,6.29543609e-08,7.42731078e-06
,1.84004914e-07],
[9.97526218e-01,2.46527179e-03,6.84335790e-08,8.23991157e-06
,2.01977131e-07],
[9.97660879e-01,2.33139679e-03,6.33768938e-08,7.47508996e-06
,1.85270051e-07],
[9.97398505e-01,2.59302759e-03,7.31644312e-08,8.18588267e-06
,2.08623405e-07],
[2.72483060e-05,9.73111286e-01,1.53676267e-02,1.63766518e-05
,1.14774621e-02],
[9.97367151e-01,2.62409551e-03,7.49946984e-08,8.45318739e-06
,2.25485637e-07],
[9.95601684e-01,4.37898425e-03,1.50105065e-07,1.87301427e-05
,4.51213297e-07],
[9.97549226e-01,2.44240783e-03,6.75620773e-08,8.10003676e-06
,1.99028428e-07],
[8.58755080e-01,1.32934395e-01,1.74535728e-05,8.18946096e-03
,1.03610911e-04],
[9.97668224e-01,2.32407636e-03,6.31045889e-08,7.45157794e-06
,1.84521454e-07],
[9.82412003e-01,1.75314543e-02,1.15772064e-06,4.92967429e-05
,6.08866592e-06],
[9.35206031e-01,6.27642471e-02,5.97062247e-06,1.99503526e-03
,2.87156729e-05],
[9.97562405e-01,2.42934218e-03,6.70554762e-08,7.98899094e-06
,1.96922667e-07],
[9.97590027e-01,2.40202659e-03,6.61911381e-08,7.68455562e-06
,1.95763879e-07],
[9.97342699e-01,2.64767498e-03,7.54929704e-08,9.32461380e-06
,2.25543381e-07],
[9.93661640e-01,6.29581579e-03,2.48560842e-07,4.14383088e-05
,8.57144875e-07],
[9.95068039e-01,4.91528203e-03,1.85732170e-07,1.57988162e-05
,6.94249706e-07],
[9.95910255e-01,4.06962609e-03,1.36360296e-07,1.95447351e-05
,4.37519155e-07],
[9.95425640e-01,4.55002999e-03,1.58974973e-07,2.36514950e-05
,5.19184647e-07],
[9.97670831e-01,2.32150951e-03,6.30027629e-08,7.41277319e-06
,1.83908021e-07],
[9.97673133e-01,2.31919670e-03,6.29227060e-08,7.42340143e-06
,1.83920060e-07],
[6.97808748e-01,2.71123526e-01,4.97587248e-05,3.06971683e-02
,3.20798795e-04],
[9.97178477e-01,2.81087665e-03,8.19612619e-08,1.03173666e-05
,2.47106777e-07],
[9.97600502e-01,2.39141466e-03,6.56320919e-08,7.82518948e-06
,1.92805076e-07],
[9.96919040e-01,3.07243491e-03,9.19883955e-08,8.19182698e-06
,2.41328208e-07],
[9.91677680e-01,8.30764097e-03,3.48786222e-07,1.37153153e-05
,6.15107913e-07],
[9.96605812e-01,3.38451506e-03,1.04715668e-07,9.29791612e-06
,2.70456116e-07],
[9.97005342e-01,2.98476273e-03,9.05701266e-08,9.51603771e-06
,2.88264974e-07],
[9.97640507e-01,2.35181291e-03,6.40997921e-08,7.43028233e-06
,1.85796945e-07],
[9.97668462e-01,2.32384079e-03,6.30956672e-08,7.44967953e-06
,1.84485744e-07],
[9.97429001e-01,2.56194027e-03,7.21429788e-08,8.77243979e-06
,2.13931478e-07],
[9.97660678e-01,2.33158519e-03,6.33848876e-08,7.48785919e-06
,1.85398193e-07],
[9.97111843e-01,2.87710701e-03,8.46238111e-08,1.07097441e-05
,2.55824774e-07],
[2.31197632e-02,9.76195646e-01,6.74354927e-04,9.42232664e-07
,9.29351826e-06],
[2.97094468e-02,3.77074072e-01,2.55882501e-04,5.89864079e-01
,3.09651878e-03],
[9.97674998e-01,2.31734384e-03,6.28525645e-08,7.41125191e-06
,1.83659210e-07],
[9.95670417e-01,4.31550082e-03,1.53874930e-07,1.33843052e-05
,5.43674545e-07],
[9.97672763e-01,2.31957199e-03,6.29348583e-08,7.41776916e-06
,1.83872904e-07],
[9.87554021e-01,1.23142835e-02,6.26864762e-07,1.28656806e-04
,2.41142789e-06],
[9.63966953e-07,6.87912279e-03,5.00264849e-05,9.91336283e-01
,1.73360367e-03],
[5.50802456e-02,6.27790107e-01,4.52291014e-04,3.09761924e-01
,6.91543272e-03],
[1.29167279e-04,1.21257463e-01,4.75201922e-04,8.61548590e-01
,1.65895775e-02],
[3.92658095e-10,4.21736138e-03,7.62609144e-04,7.02038986e-01
,2.92981043e-01],
[8.47370193e-01,1.52492739e-01,1.86212183e-05,1.04647693e-04
,1.37994323e-05],
[9.94253292e-01,5.72763893e-03,2.26211255e-07,1.80698981e-05
,7.73438556e-07],
[9.97453209e-01,2.53795790e-03,7.11972385e-08,8.55239945e-06
,2.09906065e-07],
[9.97675942e-01,2.31640192e-03,6.28182768e-08,7.40952249e-06
,1.83586103e-07],
[9.96105982e-01,3.88266621e-03,1.25992991e-07,1.09078249e-05
,3.18229530e-07],
[6.32430784e-07,3.90052269e-02,1.69819350e-03,6.03446553e-04
,9.58692501e-01],
[9.75598436e-01,2.39767955e-02,1.57162334e-06,4.16434279e-04
,6.76272513e-06],
[9.97675600e-01,2.31674220e-03,6.28309708e-08,7.41126311e-06
,1.83626772e-07],
[9.96991965e-01,2.99990225e-03,8.86410305e-08,7.81856126e-06
,2.25752273e-07],
[9.97366304e-01,2.62586951e-03,7.42195325e-08,7.55002858e-06
,2.02223013e-07],
[2.86975607e-06,1.22728792e-02,7.50094901e-05,9.85171118e-01
,2.47812344e-03],
[9.97674524e-01,2.31781811e-03,6.28713341e-08,7.41166391e-06
,1.83722126e-07],
[9.90141418e-01,9.82488789e-03,5.06842556e-07,3.07645882e-05
,2.42256848e-06],
[9.95174795e-01,4.79909831e-03,1.71344042e-07,2.53691121e-05
,5.66064663e-07],
[9.97374183e-01,2.61646075e-03,7.43095223e-08,9.06001964e-06
,2.21663108e-07],
[9.97199074e-01,2.79243910e-03,8.07121085e-08,8.18629665e-06
,2.19622251e-07],
[9.96250296e-01,3.73308294e-03,1.20939969e-07,1.61248020e-05
,3.74865588e-07],
[8.46542375e-02,7.47813439e-01,5.21179023e-04,1.58067240e-01
,8.94390514e-03],
[8.19850639e-08,1.01607908e-02,2.68174188e-04,9.64326366e-01
,2.52445873e-02],
[2.46734274e-02,3.62145227e-01,2.60264625e-04,6.09669509e-01
,3.25157188e-03],
[9.96493124e-01,3.49142409e-03,1.10456087e-07,1.49960034e-05
,3.45627521e-07],
[9.97632426e-01,2.35967711e-03,6.44370463e-08,7.64312742e-06
,1.88839883e-07],
[5.00858492e-07,5.55844261e-03,4.73622090e-05,9.92746374e-01
,1.64731988e-03],
[7.16867673e-01,2.81009364e-01,7.37337162e-05,8.33021876e-04
,1.21620808e-03],
[9.97666302e-01,2.32601632e-03,6.31746439e-08,7.43362459e-06
,1.84500730e-07],
[9.97273498e-01,2.71652991e-03,7.82718777e-08,9.65819034e-06
,2.35343421e-07],
[9.97669631e-01,2.32267757e-03,6.30524379e-08,7.44421137e-06
,1.84354285e-07],
[9.84981702e-01,1.48906084e-02,8.19719310e-07,1.23845213e-04
,3.02437863e-06],
[9.97476988e-01,2.51437038e-03,7.03137413e-08,8.36440871e-06
,2.07019535e-07],
[9.52475396e-01,4.74636839e-02,4.28972922e-06,4.61636384e-05
,1.04671469e-05],
[9.97647853e-01,2.34433170e-03,6.38621110e-08,7.56401602e-06
,1.87008118e-07],
[4.78581142e-06,7.16010640e-02,1.88150597e-03,3.42483625e-04
,9.26170161e-01],
[9.96529987e-01,3.45488103e-03,1.08843118e-07,1.46841179e-05
,3.39231568e-07],
[3.21280764e-04,9.96702882e-01,2.96965350e-03,5.42148286e-08
,6.12920134e-06],
[9.97675405e-01,2.31693678e-03,6.28379945e-08,7.41152616e-06
,1.83640014e-07],
[9.97673468e-01,2.31887357e-03,6.29076656e-08,7.41163243e-06
,1.83748398e-07],
[9.18610483e-01,7.80353171e-02,8.13483405e-06,3.30313443e-03
,4.29303309e-05],
[9.97570272e-01,2.42146805e-03,6.67694725e-08,7.99699337e-06
,1.96574786e-07],
[9.97675959e-01,2.31638480e-03,6.28176608e-08,7.40950732e-06
,1.83585027e-07],
[9.97589403e-01,2.40244934e-03,6.60484457e-08,7.88700046e-06
,1.94165684e-07],
[1.59558739e-04,2.32482725e-01,8.82633074e-04,7.58673403e-01
,7.80168013e-03],
[9.97513818e-01,2.47760803e-03,6.89029944e-08,8.30189256e-06
,2.03432142e-07],
[7.94938780e-04,2.15328041e-01,4.68144871e-04,7.76427319e-01
,6.98155555e-03],
[9.97426032e-01,2.56548835e-03,7.27941052e-08,8.18664019e-06
,2.20096714e-07],
[6.63206333e-01,2.99882983e-01,5.84343838e-05,3.64633364e-02
,3.88913636e-04],
[2.09606883e-06,9.82978555e-03,6.13888919e-05,9.88101399e-01
,2.00533027e-03],
[9.97664333e-01,2.32794593e-03,6.32491472e-08,7.47324218e-06
,1.84997998e-07],
[3.31000687e-02,9.66300082e-01,5.89551685e-04,1.04233981e-06
,9.25508774e-06],
[8.44089393e-06,9.39733526e-02,2.11329408e-03,6.34143483e-04
,9.03270769e-01],
[9.97550470e-01,2.44121001e-03,6.75591280e-08,8.05326749e-06
,1.99428522e-07],
[9.93062087e-01,6.88824640e-03,2.81339819e-07,4.84003689e-05
,9.85272509e-07],
[9.97669498e-01,2.32284072e-03,6.30526928e-08,7.41392722e-06
,1.84029916e-07],
[1.17233239e-02,9.87367162e-01,8.92342989e-04,1.83660516e-06
,1.53347512e-05],
[9.96915629e-01,3.07289285e-03,9.24442539e-08,1.11124416e-05
,2.72813502e-07],
[6.05855113e-18,1.71885700e-03,1.79605836e-01,3.05531100e-06
,8.18672251e-01],
[9.97675528e-01,2.31681516e-03,6.28345529e-08,7.41078819e-06
,1.83646115e-07],
[9.97665956e-01,2.32636085e-03,6.31831136e-08,7.43537097e-06
,1.84455553e-07],
[9.39631857e-01,5.89960525e-02,5.43258902e-06,1.34392411e-03
,2.27333505e-05],
[2.60979071e-10,7.39006378e-01,2.60987562e-01,1.06581893e-10
,6.05973930e-06],
[9.68542773e-01,3.08395127e-02,2.22337116e-06,6.05785471e-04
,9.70552065e-06],
[9.97597684e-01,2.39459468e-03,6.56596652e-08,7.46684632e-06
,1.88606385e-07],
[9.97617090e-01,2.37522292e-03,6.49479930e-08,7.43475107e-06
,1.87137524e-07],
[9.32917417e-05,4.49086103e-02,1.18727142e-04,9.52271648e-01
,2.60772246e-03],
[2.51389585e-16,2.90900810e-03,9.00136968e-02,6.46710640e-05
,9.07012624e-01],
[1.41418844e-06,9.81320977e-01,1.86695767e-02,1.73362589e-08
,8.01475629e-06],
[4.93069268e-10,2.54433130e-02,6.95120726e-03,4.87670550e-01
,4.79934930e-01],
[9.36364181e-06,9.89585331e-01,1.03968077e-02,1.33778570e-08
,8.48398716e-06],
[4.10032148e-06,7.32376982e-02,2.04215651e-03,3.10951830e-04
,9.24405093e-01],
[1.80981136e-06,1.33110418e-02,1.01937154e-04,9.82943151e-01
,3.64206045e-03],
[3.26054414e-01,5.50432100e-01,1.80777313e-04,1.21740096e-01
,1.59261293e-03],
[9.87562394e-01,1.24267624e-02,5.89919146e-07,9.56672601e-06
,6.87381180e-07],
[1.25107031e-06,8.85481501e-03,6.37568632e-05,9.89109949e-01
,1.97022794e-03],
[5.05973306e-15,5.61447008e-05,2.29387603e-04,4.54995772e-03
,9.95164510e-01],
[4.73766527e-07,1.06161018e-02,1.15400135e-04,9.86408868e-01
,2.85915606e-03],
[3.55073208e-12,1.00991880e-03,7.70559039e-04,1.57881934e-01
,8.40337588e-01],
[1.51779196e-10,6.88797896e-01,3.11187511e-01,2.98346449e-10
,1.45916897e-05],
[9.76231446e-01,2.34024744e-02,1.52023810e-06,3.58239347e-04
,6.31956929e-06],
[1.56981466e-06,9.80597865e-01,1.93721151e-02,2.35899913e-07
,2.82142971e-05],
[2.18557624e-08,9.14509688e-01,8.54414753e-02,2.72364629e-08
,4.87874145e-05],
[9.81513600e-01,1.83631969e-02,1.11116073e-06,1.18001462e-04
,4.09002604e-06],
[5.93322327e-10,7.82882432e-01,2.17086017e-01,2.04278454e-08
,3.15298573e-05],
[0.00301417,0.96140209,0.00182629,0.03157788,0.00217956],
[7.53591445e-14,1.43114384e-04,3.04249356e-04,2.94142391e-03
,9.96611212e-01],
[8.51537181e-08,9.60099611e-01,3.98998971e-02,1.40566842e-11
,4.06385236e-07],
[9.44041491e-01,5.58667105e-02,4.76917561e-06,8.05441461e-05
,6.48531257e-06],
[0.00155486,0.57771889,0.00190574,0.32972041,0.0891001,],
[4.22556077e-07,6.10510580e-03,5.72485785e-05,9.91957742e-01
,1.87948119e-03],
[5.84326548e-08,9.54566700e-01,4.54328064e-02,1.27716437e-11
,4.34690489e-07],
[2.46247131e-05,9.92475913e-01,7.48227340e-03,2.05530042e-07
,1.69832333e-05],
[5.21399711e-03,9.89741612e-01,1.46083296e-03,2.95494395e-03
,6.28613782e-04],
[3.01935878e-14,1.16113250e-01,8.83449351e-01,1.28790132e-09
,4.37397451e-04],
[9.82300022e-01,1.75994661e-02,1.12028566e-06,9.36678684e-05
,5.72412473e-06],
[1.25226954e-08,8.45026976e-01,1.54208330e-01,3.14666875e-09
,7.64678474e-04],
[3.84552374e-06,9.85688848e-01,1.42979246e-02,8.75766060e-09
,9.37312464e-06],
[8.28179165e-08,7.21181543e-01,5.53284207e-02,1.86802309e-01
,3.66876449e-02],
[7.38856960e-07,8.14142160e-03,7.27100130e-05,9.88789200e-01
,2.99592921e-03],
[3.27652420e-10,2.70323342e-02,9.03044100e-03,3.41219242e-01
,6.22717982e-01],
[5.67564080e-01,4.16895335e-01,9.27580565e-05,1.51295126e-02
,3.18314320e-04],
[1.31989472e-01,5.51813133e-01,2.46211472e-04,3.13673769e-01
,2.27741463e-03],
[7.81623637e-09,8.90819370e-01,1.09161999e-01,3.93631452e-09
,1.86183509e-05],
[3.48834037e-05,8.25625932e-01,7.55950559e-03,1.56891865e-01
,9.88781407e-03],
[2.27249538e-01,7.69223597e-01,2.75605046e-04,2.98901028e-03
,2.62249107e-04],
[7.47527757e-07,8.35361518e-03,7.05452727e-05,9.89542680e-01
,2.03241249e-03],
[2.84616726e-07,5.93808707e-02,1.33123221e-03,9.30041817e-01
,9.24579526e-03],
[7.36350923e-07,5.11303902e-02,7.83826960e-04,9.40869899e-01
,7.21514794e-03],
[4.15160747e-07,3.81002853e-01,2.07064556e-02,2.51886389e-01
,3.46403887e-01],
[4.46838553e-04,3.71704623e-01,1.11371467e-03,6.19635227e-01
,7.09959687e-03],
[1.92681837e-06,9.79872312e-01,2.01115230e-02,2.20491867e-09
,1.42356822e-05],
[8.59661655e-10,7.47140943e-01,2.46599240e-01,7.30237073e-04
,5.52957908e-03],
[1.37524445e-02,9.85422129e-01,8.15509526e-04,7.32571816e-07
,9.18483898e-06],
[1.94467572e-15,3.98337485e-05,2.02974741e-04,6.29987731e-03
,9.93457314e-01],
[6.27443843e-07,5.91707068e-03,4.75815720e-05,9.92369105e-01
,1.66561547e-03],
[4.79015412e-02,8.99890680e-01,8.99525722e-04,3.70020732e-02
,1.43061798e-02],
[1.64398658e-11,1.90342006e-03,9.94293007e-04,2.03647402e-01
,7.93454885e-01],
[4.12489387e-07,7.52705470e-02,1.59766555e-03,9.13046077e-01
,1.00852979e-02],
[2.93971135e-02,9.69971477e-01,6.19557778e-04,1.37113654e-06
,1.04804298e-05],
[9.93658613e-01,6.30123634e-03,2.49598432e-07,3.90413053e-05
,8.59877787e-07],
[1.66007812e-06,6.41101284e-01,1.61906852e-02,3.21927498e-01
,2.07788732e-02],
[1.03132656e-01,7.62428456e-01,4.21053844e-04,1.31361603e-01
,2.65623144e-03],
[8.70791042e-01,1.23027287e-01,1.54208911e-05,6.08589885e-03
,8.03509288e-05],
[1.59142970e-10,1.89615679e-01,1.79541397e-01,7.31098985e-05
,6.30769815e-01],
[6.04318178e-12,2.24102402e-01,7.22707792e-01,1.10361188e-09
,5.31898050e-02],
[5.30340806e-14,1.75066129e-04,3.99365065e-04,2.03973632e-02
,9.79028206e-01],
[2.69776638e-04,3.36206316e-01,1.17005349e-03,6.54760489e-01
,7.59336493e-03],
[2.36248548e-10,6.76947437e-01,3.20209422e-01,1.55543038e-04
,2.68759749e-03],
[1.08947023e-04,1.32136535e-01,5.63167028e-04,8.49584406e-01
,1.76069450e-02],
[4.49247075e-07,5.01165062e-03,4.29091249e-05,9.93380561e-01
,1.56443043e-03],
[2.76238980e-04,9.96683624e-01,3.03621765e-03,2.17552135e-08
,3.89733668e-06],
[3.72315820e-01,6.08478010e-01,1.80634363e-04,1.84939961e-02
,5.31539567e-04],
[9.92752406e-01,7.23473871e-03,2.89820836e-07,1.20343344e-05
,5.31388666e-07],
[8.91302364e-05,9.85952745e-01,9.54175802e-03,7.28578235e-06
,4.40908116e-03],
[2.97474915e-15,4.74441637e-05,2.17588724e-04,7.11618459e-03
,9.92618783e-01],
[6.77011819e-07,7.01000250e-03,6.00476619e-05,9.90592773e-01
,2.33650012e-03],
[0.0033592,0.52019808,0.00088216,0.46840928,0.00715128],
[1.12743332e-06,9.71919164e-01,2.68912951e-02,2.00177358e-04
,9.88236618e-04],
[3.89370959e-04,9.96863461e-01,2.74162850e-03,5.53591040e-08
,5.48414432e-06],
[9.77066789e-01,2.29196871e-02,1.34033555e-06,1.10382044e-05
,1.14584248e-06],
[1.77095415e-03,9.96027863e-01,2.13800889e-03,7.70077249e-07
,6.24038783e-05],
[1.29723732e-06,2.60192765e-02,3.35968722e-04,9.52151436e-01
,2.14920212e-02],
[2.64240718e-01,5.73352659e-01,1.99026118e-04,1.60716321e-01
,1.49127572e-03],
[2.30265556e-01,6.96784883e-01,2.63801355e-04,7.15223773e-02
,1.16338187e-03],
[3.29463108e-07,3.20713147e-01,1.16870445e-02,6.43226597e-01
,2.43728814e-02],
[1.34300558e-10,3.53221825e-03,9.43161890e-04,5.34630340e-01
,4.60894279e-01],
[9.38185282e-01,6.17619637e-02,5.48997589e-06,4.13338166e-05
,5.93067262e-06],
[7.98561398e-01,2.00203801e-01,3.81099772e-05,8.94992908e-04
,3.01698389e-04],
[1.21750869e-11,4.42389717e-01,5.51659201e-01,2.19290719e-04
,5.73179136e-03],
[3.94380541e-14,1.55949722e-01,8.43907847e-01,3.96030676e-08
,1.42391479e-04],
[3.21814992e-03,9.92595378e-01,1.75829211e-03,1.78915341e-03
,6.39027018e-04],
[1.62452009e-09,9.51070873e-03,1.57272650e-03,2.24557841e-01
,7.64358723e-01],
[2.58964905e-06,1.25148958e-02,7.76867030e-05,9.85270028e-01
,2.13479953e-03],
[3.96819650e-10,7.70052933e-01,2.29938121e-01,9.83546777e-10
,8.94437347e-06],
[3.64311298e-02,4.35285217e-01,2.87341515e-04,5.24859684e-01
,3.13662799e-03],
[5.59851745e-09,8.89988638e-02,1.37961603e-02,5.47286553e-01
,3.49918417e-01],
[0.0083323,0.83878285,0.00206395,0.02317126,0.12764964],
[1.12107523e-01,8.69451476e-01,5.77309669e-04,1.32909582e-02
,4.57273363e-03],
[1.40860694e-07,3.19855897e-01,1.57177932e-02,6.36103806e-01
,2.83223630e-02],
[1.20287421e-03,9.96719127e-01,2.04578760e-03,2.87994345e-06
,2.93309791e-05],
[1.45113407e-05,2.69716592e-02,1.16709991e-04,9.70285681e-01
,2.61143828e-03],
[6.36465072e-01,3.62289660e-01,7.01533998e-05,1.08459618e-03
,9.05187696e-05],
[3.15824653e-03,9.94215448e-01,2.07045558e-03,2.82051488e-05
,5.27644349e-04],
[0.01196753,0.90494256,0.00199416,0.00500497,0.07609078],
[6.07645046e-07,5.69640777e-03,4.56933921e-05,9.92641419e-01
,1.61587196e-03],
[8.99259025e-07,2.56955241e-02,2.97387872e-04,9.69267373e-01
,4.73881622e-03],
[9.95196417e-01,4.79162665e-03,1.68692412e-07,1.13812371e-05
,4.06860818e-07],
[2.00483253e-03,1.87178512e-01,2.68604640e-04,8.06509251e-01
,4.03879907e-03],
[2.54767733e-03,9.94657274e-01,2.34170412e-03,4.97583158e-06
,4.48368888e-04],
[9.31645464e-01,6.83017000e-02,6.63176753e-06,3.73731267e-05
,8.83140635e-06],
[2.32653075e-07,2.72668084e-01,1.06940536e-02,6.92375425e-01
,2.42622040e-02],
[1.87077328e-09,6.04647775e-02,1.27222649e-02,4.99131754e-01
,4.27681202e-01],
[0.00879795,0.80727349,0.00104808,0.17905679,0.00382369],
[8.21299495e-01,1.71800870e-01,2.45797566e-05,6.76700998e-03
,1.08045574e-04],
[9.81995239e-01,1.78755447e-02,1.06411696e-06,1.24274402e-04
,3.87767463e-06],
[4.07352262e-04,7.80616568e-01,2.97344133e-03,2.09007630e-01
,6.99500894e-03],
[9.93379559e-01,6.60526763e-03,2.69234023e-07,1.41859610e-05
,7.18558119e-07],
[5.40291908e-05,5.34605479e-02,1.81374945e-04,9.43058605e-01
,3.24544324e-03],
[1.49241758e-06,2.10896365e-02,1.88960290e-04,9.75264746e-01
,3.45516445e-03],
[4.37470225e-24,1.81709689e-04,9.89512177e-01,4.14514512e-11
,1.03061138e-02],
[5.12428291e-25,9.88039566e-05,9.85602404e-01,4.87524792e-11
,1.42987916e-02],
[5.64646992e-25,1.01613272e-04,9.85829720e-01,4.87328881e-11
,1.40686666e-02],
[1.55094208e-16,3.83601538e-02,9.61483157e-01,2.25323092e-08
,1.56666498e-04],
[4.05352666e-24,1.75720763e-04,9.89000875e-01,3.43884038e-11
,1.08234042e-02],
[3.83167020e-15,9.23372914e-02,9.07573115e-01,2.38684676e-08
,8.95693168e-05],
[1.34861238e-11,4.28110702e-01,5.71826294e-01,4.81223226e-12
,6.30042585e-05],
[9.93677328e-18,9.69111275e-03,9.88493197e-01,9.20209785e-13
,1.81569037e-03],
[4.25430040e-07,6.35605606e-03,6.02512693e-05,9.91650954e-01
,1.93231348e-03],
[2.39023873e-18,1.07438737e-02,9.88832074e-01,4.16723906e-09
,4.24048234e-04],
[1.80950298e-23,2.88150459e-04,9.92845025e-01,9.49904093e-11
,6.86682458e-03],
[9.13485307e-19,7.82609062e-03,9.91597346e-01,2.08531175e-09
,5.76561436e-04],
[1.03199199e-12,3.09347954e-01,6.90607620e-01,4.34679711e-10
,4.44253445e-05],
[8.43023384e-24,2.31271315e-04,9.91728530e-01,1.06069753e-10
,8.04019835e-03],
[2.90937860e-17,1.56182818e-02,9.83531893e-01,1.53844960e-11
,8.49825323e-04],
[2.23768040e-15,8.04072882e-02,9.19450814e-01,9.60611989e-08
,1.41802163e-04],
[1.37687241e-13,2.23048349e-01,7.76910357e-01,7.80621763e-09
,4.12864850e-05],
[9.79458891e-12,5.07639366e-01,4.92344131e-01,1.79223276e-09
,1.65007073e-05],
[9.17498411e-07,7.20052117e-03,5.41719223e-05,9.90918231e-01
,1.82615882e-03],
[3.37136347e-23,3.54821005e-04,9.94019009e-01,1.51254048e-10
,5.62616974e-03],
[1.48964255e-24,1.32862097e-04,9.87418205e-01,4.03503771e-11
,1.24489324e-02],
[6.91975377e-16,5.77172650e-02,9.42143989e-01,3.08876817e-08
,1.38714810e-04],
[1.14403645e-23,2.30967975e-04,9.89888765e-01,2.26094532e-11
,9.88026736e-03],
[3.66608263e-07,5.79615997e-03,5.69388857e-05,9.92113016e-01
,2.03351812e-03],
[9.05347178e-16,6.43667329e-02,9.35537300e-01,2.93358203e-08
,9.59376211e-05],
[7.84948683e-23,4.20691873e-04,9.93385302e-01,4.64011244e-11
,6.19400559e-03],
[1.67654406e-20,1.65269798e-03,9.86419308e-01,8.81404841e-11
,1.19279941e-02],
[1.15054058e-22,3.69119810e-04,9.23826022e-01,1.77770483e-09
,7.58048560e-02],
[3.02216429e-10,7.58084165e-01,2.41911074e-01,1.80405880e-10
,4.76106967e-06],
[8.63574525e-16,5.83138233e-02,9.41379120e-01,1.18440608e-07
,3.06937991e-04],
[6.72968332e-11,5.38201253e-03,2.12366335e-03,3.38345073e-01
,6.54149251e-01],
[6.40429522e-17,1.61207553e-02,9.82466076e-01,6.31563819e-13
,1.41316847e-03],
[1.03323166e-11,4.13359450e-01,5.86577020e-01,7.50822855e-12
,6.35294351e-05],
[4.28854115e-14,1.09987594e-01,8.89623345e-01,1.26342875e-11
,3.89060086e-04],
[9.50545331e-22,9.39980875e-04,9.96003598e-01,1.86222616e-10
,3.05642084e-03],
[7.53176632e-20,3.01718320e-03,9.95031472e-01,4.20976738e-11
,1.95134463e-03],
[1.92119191e-04,1.29302911e-01,4.24874841e-04,8.59080777e-01
,1.09993187e-02],
[5.17820266e-23,4.05872029e-04,9.94174052e-01,2.30480980e-10
,5.42007532e-03],
[2.98115077e-24,1.59996338e-04,9.88247446e-01,3.18456112e-11
,1.15925578e-02],
[6.04931183e-25,1.02934441e-04,9.84743620e-01,5.51722147e-11
,1.51534458e-02],
[4.28256664e-20,6.08719289e-04,2.64562471e-01,8.22195378e-07
,7.34827988e-01],
[9.19344882e-16,7.35437324e-05,5.68145702e-04,2.78405694e-03
,9.96574254e-01],
[2.80527865e-24,1.57178489e-04,9.87563126e-01,3.76165557e-11
,1.22796955e-02],
[5.34206980e-20,2.59058495e-03,9.94937474e-01,1.74820854e-11
,2.47194111e-03],
[2.41583095e-14,1.26259857e-01,8.73634745e-01,7.17402042e-10
,1.05397172e-04],
[8.43117465e-12,3.86577922e-01,6.13314316e-01,1.14209089e-11
,1.07762214e-04],
[4.98138909e-10,6.43741929e-01,3.46427186e-01,2.13983048e-06
,9.82874482e-03],
[2.32305425e-20,1.83883316e-03,9.94159700e-01,3.23290024e-12
,4.00146700e-03],
[6.05643570e-06,7.12602182e-01,1.17295049e-02,2.59717710e-01
,1.59445475e-02],
[0.00866502,0.94457483,0.00126419,0.04314271,0.00235324],
[1.89464454e-16,4.10508630e-02,9.58803873e-01,2.76647607e-08
,1.45236200e-04],
[3.19258240e-23,3.04918692e-04,9.90871079e-01,1.68961889e-11
,8.82400188e-03],
[1.10323580e-14,1.16711137e-01,8.83088232e-01,1.77877449e-07
,2.00452568e-04],
[7.67208372e-16,6.21192255e-02,9.37784376e-01,3.57670231e-08
,9.63629354e-05],
[1.18826428e-18,5.45497542e-03,9.91776238e-01,2.81230898e-12
,2.76878656e-03],
[3.54118143e-10,7.56005294e-01,2.43978074e-01,2.88770453e-09
,1.66292195e-05],
[8.26530970e-25,1.13967102e-04,9.86861168e-01,5.27049021e-11
,1.30248651e-02],
[3.35026345e-18,7.14664083e-03,9.90707719e-01,1.02612785e-12
,2.14563971e-03],
[1.42506730e-16,3.74597999e-02,9.62390012e-01,1.85202001e-08
,1.50169460e-04],
[2.78826928e-17,1.31578896e-02,9.85377383e-01,1.11594308e-12
,1.46472701e-03],
[9.05451016e-18,9.31985822e-03,9.88756647e-01,7.49538639e-13
,1.92349520e-03],
[2.33975940e-07,1.04889550e-01,3.02892122e-03,8.78148814e-01
,1.39324812e-02],
[6.72546336e-25,1.06212597e-04,9.85957935e-01,4.40849256e-11
,1.39358527e-02],
[1.72787345e-24,1.34307515e-04,9.80433646e-01,9.58602201e-11
,1.94320468e-02],
[3.79454415e-22,7.26816515e-04,9.95071656e-01,3.95582211e-10
,4.20152714e-03],
[1.31436226e-19,3.05351507e-03,9.94025568e-01,3.88066066e-12
,2.92091687e-03],
[1.46150870e-07,4.06326157e-01,2.21352332e-02,5.30787768e-01
,4.07506958e-02],
[3.10379855e-16,4.75484445e-02,9.52330778e-01,2.64029766e-08
,1.20751274e-04],
[5.12522455e-14,1.76756724e-01,8.23192744e-01,9.78701670e-09
,5.05219636e-05],
[1.20071818e-13,2.14214003e-01,7.85727460e-01,1.75611207e-08
,5.85190386e-05],
[1.21012717e-24,1.28837804e-04,9.88109472e-01,6.47659684e-11
,1.17616897e-02],
[2.95682636e-23,2.98330883e-04,9.90590929e-01,1.82278583e-11
,9.11073995e-03],
[3.21447708e-22,5.76498718e-04,9.92879959e-01,1.05224732e-11
,6.54354211e-03],
[1.45337664e-16,1.96808516e-02,9.78952167e-01,3.62325263e-13
,1.36698122e-03],
[2.61591541e-05,6.59554204e-02,3.44563633e-04,9.24898271e-01
,8.77558626e-03],
[1.29031212e-19,3.92558069e-03,9.94831768e-01,2.50496482e-10
,1.24265135e-03],
[3.24404469e-10,6.78132133e-03,1.57254074e-03,5.26540224e-01
,4.65105914e-01],
[6.29103601e-25,1.04711033e-04,9.86026051e-01,4.77938455e-11
,1.38692377e-02],
[1.22996663e-19,2.89934230e-03,9.93845619e-01,2.19070239e-12
,3.25503835e-03],
[2.21370487e-13,2.28407100e-01,7.71213013e-01,9.34088576e-07
,3.78952300e-04],
[9.26581354e-15,1.10359345e-01,8.89374668e-01,3.01520093e-07
,2.65684710e-04],
[4.20419355e-11,4.38303003e-01,5.59619280e-01,4.47702178e-10
,2.07771730e-03],
[8.57464325e-10,7.89264130e-01,2.10691142e-01,1.08427276e-08
,4.47155663e-05],
[2.81463913e-22,5.86633765e-04,9.93824200e-01,2.60159675e-11
,5.58916652e-03],
[5.00996350e-22,7.24801204e-04,9.94907512e-01,5.43445014e-11
,4.36768631e-03],
[5.90204134e-22,6.68247773e-04,9.90933088e-01,1.71285267e-11
,8.39866373e-03],
[1.29723778e-08,8.40787544e-02,9.27821958e-03,6.49718662e-01
,2.56924351e-01],
[9.96362310e-01,3.62688270e-03,1.14941883e-07,1.03961330e-05
,2.96302416e-07],
[4.35554547e-07,5.62687961e-03,5.05747940e-05,9.92616445e-01
,1.70566539e-03],
[2.95148279e-01,7.04281396e-01,2.52894678e-04,1.14031294e-04
,2.03399274e-04],
[2.07987847e-07,4.29711406e-01,2.01369722e-02,5.20797633e-01
,2.93537812e-02],
[2.65944009e-16,5.36989769e-05,5.96982229e-04,1.43536915e-03
,9.97913950e-01],
[9.96436329e-01,3.54880905e-03,1.12802116e-07,1.44055262e-05
,3.44039234e-07],
[9.68387855e-01,3.13500156e-02,2.50186450e-06,2.45314907e-04
,1.43123881e-05],
[4.05615430e-02,4.33690894e-01,2.79614762e-04,5.22069103e-01
,3.39884455e-03],
[4.46923948e-07,5.04859537e-03,4.34076064e-05,9.93333726e-01
,1.57382382e-03],
[4.29411154e-07,5.15513263e-03,4.58274703e-05,9.93049627e-01
,1.74898307e-03],
[5.16621304e-07,9.54857779e-03,9.60110967e-05,9.87957986e-01
,2.39690888e-03],
[2.19572580e-10,6.43320826e-01,3.40646509e-01,3.14885204e-03
,1.28838126e-02],
[5.73410082e-06,1.45476018e-02,7.15521089e-05,9.83341568e-01
,2.03354386e-03],
[3.88985631e-07,4.92109930e-03,4.46201565e-05,9.93310053e-01
,1.72383902e-03],
[2.95964072e-07,5.46253112e-03,5.90621810e-05,9.91831193e-01
,2.64691741e-03],
[5.63189515e-08,6.79995188e-01,1.25620585e-01,1.56748642e-06
,1.94382603e-01],
[3.62394445e-07,5.72154011e-03,5.61069727e-05,9.92224422e-01
,1.99756842e-03],
[7.69227163e-05,5.38549701e-02,1.62898471e-04,9.42689742e-01
,3.21546699e-03],
[4.00785888e-07,9.04678313e-03,9.77057522e-05,9.88446091e-01
,2.40901963e-03],
[2.46697753e-07,2.09991090e-02,4.81858609e-04,9.41423004e-01
,3.70957815e-02],
[2.28305316e-04,8.95133985e-02,2.27586984e-04,9.05005889e-01
,5.02482010e-03],
[3.23334113e-10,3.33617543e-03,8.99793186e-04,6.55259211e-03
,9.89211439e-01],
[9.98596889e-06,1.86645817e-02,8.25725176e-05,9.78925848e-01
,2.31701156e-03],
[1.06115474e-06,7.86549826e-03,5.78851590e-05,9.90177103e-01
,1.89845225e-03],
[4.54053606e-07,4.92639176e-03,4.17910113e-05,9.93487612e-01
,1.54375145e-03],
[2.54442375e-15,4.46947676e-05,2.12952938e-04,7.04342937e-03
,9.92698923e-01],
[1.23503719e-15,3.29791698e-05,1.88666415e-04,5.09140895e-03
,9.94686945e-01],
[2.76706455e-12,3.83770728e-01,6.15985106e-01,4.74866950e-07
,2.43691079e-04],
[7.89990269e-06,1.68684820e-02,7.77967029e-05,9.80911860e-01
,2.13396185e-03],
[5.34509112e-07,5.68792124e-03,4.77225059e-05,9.92609486e-01
,1.65433556e-03],
[7.81873030e-07,8.15549631e-03,7.12627383e-05,9.88851651e-01
,2.92080841e-03],
[5.22983273e-14,1.63890991e-01,8.35641133e-01,1.32111398e-06
,4.66554092e-04],
[9.87336530e-01,1.25268986e-02,6.41308755e-07,1.33462606e-04
,2.46762163e-06],
[4.12414506e-07,4.98637139e-03,4.42450935e-05,9.93307422e-01
,1.66154876e-03],
[7.75454374e-08,9.00635375e-03,2.30638827e-04,9.68903025e-01
,2.18599052e-02],
[4.45644534e-07,4.88928523e-03,4.16444574e-05,9.93528676e-01
,1.53994834e-03],
[2.29596250e-05,2.85321946e-02,1.07882718e-04,9.68689874e-01
,2.64708885e-03],
[7.51498587e-14,1.76225298e-01,8.23159351e-01,2.38915176e-06
,6.12961939e-04],
[4.01810034e-07,1.08569252e-02,1.24276146e-04,9.86289406e-01
,2.72899053e-03],
[4.40819821e-09,1.36024186e-02,1.22352386e-03,8.84605640e-01
,1.00568413e-01],
[4.62325481e-07,5.09915417e-03,4.34660374e-05,9.93280875e-01
,1.57604238e-03],
[7.65118248e-01,2.15085717e-01,3.53663036e-05,1.95294270e-02
,2.31241589e-04],
[5.87712255e-15,1.01092090e-01,8.98727449e-01,1.63737417e-07
,1.80297521e-04],
[6.64026425e-11,2.84758007e-03,1.04749649e-03,1.67923829e-01
,8.28181095e-01],
[3.23269472e-07,5.39154322e-03,5.46053290e-05,9.92442789e-01
,2.11073898e-03],
[2.80536765e-07,6.21717935e-02,1.42234217e-03,9.26827171e-01
,9.57841301e-03],
[5.22680046e-07,9.99067708e-03,1.02307222e-04,9.87308135e-01
,2.59835802e-03],
[4.13361808e-07,5.04899318e-03,4.50727524e-05,9.93198327e-01
,1.70719358e-03],
[4.45633453e-07,4.88736155e-03,4.16235275e-05,9.93530933e-01
,1.53963600e-03],
[2.71829512e-09,7.90263210e-01,1.86402888e-01,9.26659578e-03
,1.40673037e-02],
[2.73607817e-01,5.19963871e-01,1.73605634e-04,2.04715052e-01
,1.53965421e-03],
[9.67736592e-01,3.17991141e-02,2.38188749e-06,4.50951722e-04
,1.09599472e-05],
[4.24563448e-07,6.56840305e-03,6.26848980e-05,9.91451689e-01
,1.91679803e-03],
[4.45264377e-07,4.90832369e-03,4.18719379e-05,9.93505028e-01
,1.54433125e-03],
[5.76663507e-01,4.20134895e-01,8.89705037e-05,2.96856710e-03
,1.44060519e-04],
[4.49012602e-07,4.96483245e-03,4.23859772e-05,9.93438102e-01
,1.55423091e-03],
[1.27080568e-11,1.56563636e-03,8.38332679e-04,2.44652234e-01
,7.52943797e-01],
[3.44444129e-12,9.17089752e-04,7.22559731e-04,7.97621673e-02
,9.18598183e-01],
[4.49620758e-07,4.93042194e-03,4.19855750e-05,9.93478711e-01
,1.54843157e-03],
[3.13833024e-07,3.34235236e-02,6.01201029e-04,9.59794157e-01
,6.18080418e-03],
[4.54573879e-15,9.52428069e-02,9.04591495e-01,1.35691281e-07
,1.65562795e-04],
[4.61741464e-07,6.56964086e-03,6.08427538e-05,9.91486923e-01
,1.88213197e-03],
