# -*- coding: utf-8 -*-
a=[
[0.01550239,0.07071021,0.00265705,0.7977022,0.11342815],
[2.28209142e-07,4.34428010e-03,1.45467838e-05,9.95629818e-01
,1.11271312e-05],
[0.01551958,0.07073018,0.00265798,0.79755726,0.11353499],
[0.01437381,0.07161635,0.00262257,0.80307732,0.10830994],
[1.31766129e-04,1.05521799e-01,8.57126947e-04,8.88190892e-01
,5.29841510e-03],
[0.01551958,0.07073018,0.00265798,0.79755726,0.11353499],
[0.01551954,0.07073008,0.00265798,0.79755765,0.11353476],
[0.01551958,0.07073018,0.00265798,0.79755726,0.11353499],
[0.01551958,0.07073018,0.00265798,0.79755726,0.11353499],
[4.95290408e-04,5.30046871e-02,3.94231087e-04,9.37991383e-01
,8.11440820e-03],
[2.27564194e-07,4.34207015e-03,1.45246292e-05,9.95632011e-01
,1.11670029e-05],
[3.07029045e-03,3.12303893e-02,8.87663549e-04,9.29025088e-01
,3.57865690e-02],
[0.01529701,0.07024764,0.00263288,0.79942046,0.11240201],
[0.01551958,0.07073018,0.00265798,0.79755726,0.11353499],
[0.01550996,0.0707094,0.0026569,0.79763766,0.11348608],
[0.01428412,0.06918589,0.00253149,0.79062324,0.12337527],
[0.01551954,0.07073018,0.00265798,0.79755756,0.11353474],
[0.01551958,0.07073018,0.00265798,0.79755726,0.11353499],
[0.01551958,0.07073018,0.00265798,0.79755728,0.11353498],
[0.01551958,0.07073018,0.00265798,0.79755726,0.11353499],
[2.71920066e-04,4.94921535e-02,2.80285639e-04,9.44853441e-01
,5.10220008e-03],
[0.01551958,0.07073018,0.00265798,0.79755726,0.11353499],
[0.01551958,0.07073018,0.00265798,0.79755726,0.11353499],
[0.01551958,0.07073018,0.00265798,0.79755726,0.11353499],
[0.01549132,0.07069646,0.00265515,0.79741211,0.11374496],
[0.01551958,0.07073018,0.00265798,0.79755726,0.11353499],
[0.01551958,0.07073018,0.00265798,0.79755726,0.11353499],
[1.33116453e-06,4.66526579e-04,3.87130590e-06,9.99407311e-01
,1.20960047e-04],
[4.50251525e-09,6.80704440e-04,9.71626827e-07,9.99315256e-01
,3.06312310e-06],
[1.92085286e-04,4.75409856e-02,2.29987998e-04,9.48138136e-01
,3.89880473e-03],
[0.01546853,0.0706705,0.00265518,0.79798789,0.11321789],
[0.01549711,0.07068214,0.00265546,0.79773827,0.11342702],
[0.01551958,0.07073018,0.00265798,0.79755726,0.11353499],
[0.0064609,0.05383999,0.00155299,0.69295704,0.24518908],
[0.01551957,0.07073017,0.00265798,0.79755722,0.11353505],
[0.01551958,0.07073018,0.00265798,0.79755726,0.11353499],
[0.01518263,0.07033404,0.00263945,0.8004072,0.11143669],
[0.01535653,0.07037883,0.00263971,0.79892194,0.11270298],
[0.01551958,0.07073018,0.00265798,0.79755726,0.11353499],
[2.02119494e-05,7.50128335e-03,1.89880683e-04,9.91926855e-01
,3.61768976e-04],
[0.01545781,0.07059737,0.00265104,0.798073,0.11322077],
[0.01551958,0.07073018,0.00265798,0.79755726,0.11353499],
[1.91994267e-04,4.75315788e-02,2.29867244e-04,9.48149575e-01
,3.89698440e-03],
[0.01551958,0.07073018,0.00265798,0.79755725,0.113535,],
[0.01430537,0.06804094,0.00251923,0.80785716,0.1072773,],
[0.01551958,0.07073018,0.00265798,0.79755726,0.11353499],
[0.01551958,0.07073018,0.00265798,0.79755726,0.11353499],
[0.01446787,0.06840895,0.00253805,0.80645977,0.10812535],
[1.56634801e-07,5.15375036e-04,6.15356495e-06,9.99468222e-01
,1.00927711e-05],
[0.01551949,0.07073014,0.00265798,0.79755788,0.11353451],
[0.01551957,0.07073019,0.00265798,0.79755733,0.11353492],
[0.01551958,0.07073018,0.00265798,0.79755726,0.11353499],
[0.01551958,0.07073018,0.00265798,0.79755726,0.11353499],
[0.01542548,0.07062051,0.00265284,0.79835137,0.1129498,],
[0.00565157,0.05281892,0.00186782,0.89186907,0.04779262],
[0.01551958,0.07073018,0.00265798,0.79755726,0.11353499],
[0.01551947,0.07073017,0.00265797,0.79755801,0.11353437],
[1.33132277e-06,4.66556914e-04,3.87163014e-06,9.99407269e-01
,1.20970647e-04],
[0.01551958,0.07073018,0.00265798,0.79755726,0.11353499],
[0.01551922,0.07073016,0.00265795,0.79755966,0.113533,],
[0.01551958,0.07073018,0.00265798,0.79755726,0.11353499],
[0.01551958,0.07073018,0.00265798,0.79755726,0.11353499],
[0.01551958,0.07073018,0.00265798,0.7975573,0.11353496],
[0.0029499,0.06388661,0.00107884,0.89995078,0.03213386],
[0.01551958,0.07073018,0.00265798,0.79755726,0.11353499],
[2.15834596e-05,7.64454299e-03,1.97804222e-04,9.91755761e-01
,3.80308804e-04],
[0.01551958,0.07073018,0.00265798,0.79755726,0.11353499],
[0.01551958,0.07073018,0.00265798,0.79755726,0.11353499],
[5.51847543e-05,1.14484256e-01,7.28621929e-04,8.81654996e-01
,3.07694102e-03],
[0.01551958,0.07073018,0.00265798,0.79755726,0.11353499],
[0.01551958,0.07073018,0.00265798,0.79755726,0.11353499],
[0.01551958,0.07073018,0.00265798,0.7975573,0.11353496],
[0.01475503,0.07067946,0.00258917,0.80265123,0.10932511],
[0.01551958,0.07073018,0.00265798,0.79755726,0.11353499],
[0.01551958,0.07073018,0.00265798,0.79755726,0.11353499],
[0.01551958,0.07073018,0.00265798,0.79755726,0.11353499],
[2.92992287e-05,8.50287362e-03,2.24804571e-04,9.90747393e-01
,4.95629326e-04],
[0.01551418,0.07073425,0.00265782,0.797583,0.11351075],
[0.00135584,0.09239968,0.00158419,0.88032352,0.02433676],
[1.33114399e-06,4.66522641e-04,3.87126381e-06,9.99407316e-01
,1.20958671e-04],
[0.01551958,0.07073018,0.00265798,0.79755726,0.11353499],
[0.01551958,0.07073018,0.00265798,0.79755726,0.11353499],
[0.01551958,0.07073018,0.00265798,0.79755726,0.11353499],
[0.01551958,0.07073018,0.00265798,0.79755726,0.11353499],
[0.01551958,0.07073018,0.00265798,0.79755726,0.11353499],
[1.32374637e-10,7.10347245e-04,1.51996044e-07,9.99289309e-01
,1.92110038e-07],
[0.01551958,0.07073018,0.00265798,0.79755726,0.11353499],
[0.01551888,0.07072875,0.00265791,0.79756193,0.11353254],
[0.01551957,0.07073016,0.00265798,0.79755735,0.11353494],
[0.01551954,0.07073013,0.00265798,0.79755731,0.11353504],
[0.01551958,0.07073018,0.00265798,0.79755726,0.11353499],
[0.0153413,0.07034396,0.00263789,0.79904963,0.11262723],
[0.00481217,0.03946493,0.00120896,0.90501232,0.04950161],
[0.01551525,0.07073345,0.00265786,0.79757791,0.11351554],
[2.71673219e-05,2.74920270e-03,2.65431137e-05,6.11611311e-02
,9.36035956e-01],
[2.18508493e-05,7.65594328e-03,1.99210373e-04,9.91739040e-01
,3.83955500e-04],
[0.01551958,0.07073018,0.00265798,0.79755726,0.11353499],
[1.33173076e-06,4.66635127e-04,3.87246617e-06,9.99407163e-01
,1.20997973e-04],
[0.01551958,0.07073018,0.00265798,0.79755726,0.11353499],
[0.01551958,0.07073018,0.00265798,0.79755726,0.11353499],
[0.01551922,0.07072939,0.00265794,0.79756032,0.11353313],
[0.01551957,0.07073018,0.00265798,0.79755734,0.11353493],
[0.01551958,0.07073018,0.00265798,0.79755726,0.11353499],
[0.01551958,0.07073018,0.00265798,0.79755726,0.11353499],
[0.01551958,0.07073018,0.00265798,0.79755726,0.11353499],
[0.01551958,0.07073018,0.00265798,0.79755726,0.11353499],
[0.01551958,0.07073018,0.00265798,0.79755726,0.11353499],
[0.01551958,0.07073018,0.00265798,0.79755726,0.11353499],
[1.91764598e-04,4.75119128e-02,2.29756639e-04,9.48173591e-01
,3.89297521e-03],
[0.01551958,0.07073018,0.00265798,0.79755726,0.11353499],
[0.01551958,0.07073018,0.00265798,0.79755726,0.11353499],
[0.00426144,0.04584704,0.00118234,0.62406421,0.32464497],
[0.01551946,0.07073004,0.00265797,0.79755664,0.11353589],
[5.78705218e-05,1.14154105e-01,7.37223906e-04,8.81877633e-01
,3.17316776e-03],
[0.01551956,0.07073016,0.00265798,0.79755716,0.11353514],
[0.01551958,0.07073018,0.00265798,0.79755726,0.11353499],
[0.01551938,0.07072994,0.00265796,0.79755622,0.1135365,],
[0.01551958,0.07073018,0.00265798,0.79755726,0.11353499],
[0.01551958,0.07073018,0.00265798,0.79755726,0.11353499],
[0.01551958,0.07073018,0.00265798,0.79755726,0.11353499],
[6.36736851e-05,2.63266224e-02,1.06702324e-04,9.71767035e-01
,1.73596611e-03],
[0.01551958,0.07073018,0.00265798,0.79755726,0.11353499],
[0.01551958,0.07073018,0.00265798,0.79755726,0.11353499],
[0.00615266,0.04477186,0.00142978,0.8885965,0.0590492,],
[1.73376477e-07,5.34210982e-04,2.35939569e-06,9.99430847e-01
,3.24089002e-05],
[0.01551958,0.07073018,0.00265798,0.79755726,0.11353499],
[0.01551958,0.07073018,0.00265798,0.79755726,0.11353499],
[0.01534457,0.07035107,0.00263826,0.79902217,0.11264393],
[0.01551931,0.0707296,0.00265795,0.79755951,0.11353362],
[0.01551958,0.07073018,0.00265798,0.79755726,0.11353499],
[0.01551954,0.07073009,0.00265798,0.79755761,0.11353478],
[0.01551958,0.07073018,0.00265798,0.79755726,0.11353499],
[1.40731881e-08,2.64310161e-04,2.84228525e-07,9.99731856e-01
,3.53582298e-06],
[2.21351608e-06,3.55890730e-02,1.96653947e-04,9.64023923e-01
,1.88136256e-04],
[0.01551958,0.07073018,0.00265798,0.79755727,0.11353498],
[0.01551958,0.07073018,0.00265798,0.79755726,0.11353499],
[7.42436818e-05,5.10295889e-03,5.83724462e-05,1.04296353e-01
,8.90468072e-01],
[5.41511631e-05,1.14615738e-01,7.25226819e-04,8.81565414e-01
,3.03947066e-03],
[3.15017939e-06,1.73167576e-02,2.15158276e-05,6.81511664e-01
,3.01146913e-01],
[0.01463205,0.07066787,0.00257775,0.80348227,0.10864007],
[0.01551958,0.07073018,0.00265798,0.79755726,0.11353499],
[1.91994267e-04,4.75315788e-02,2.29867244e-04,9.48149575e-01
,3.89698440e-03],
[0.01551958,0.07073018,0.00265798,0.79755726,0.11353499],
[0.01551582,0.0707257,0.00265761,0.79753797,0.1135629,],
[1.91874637e-04,4.74948857e-02,2.29737107e-04,9.48188104e-01
,3.89539822e-03],
[0.01518146,0.07098683,0.00264785,0.79917317,0.1120107,],
[0.01551958,0.07073018,0.00265798,0.79755726,0.11353499],
[0.01551958,0.07073018,0.00265798,0.79755726,0.11353499],
[0.01551957,0.07073016,0.00265798,0.79755735,0.11353494],
[2.18495864e-05,7.65492765e-03,1.99170943e-04,9.91740085e-01
,3.83967041e-04],
[3.15419718e-10,1.33553788e-04,3.66369141e-08,9.99491748e-01
,3.74661686e-04],
[0.01551958,0.07073018,0.00265798,0.79755726,0.11353499],
[0.01550641,0.07070174,0.0026565,0.79766729,0.11346805],
[0.01551958,0.07073018,0.00265798,0.79755726,0.11353499],
[0.01483151,0.06922342,0.0025799,0.80335424,0.11001092],
[0.01551958,0.07073018,0.00265798,0.79755726,0.113535,],
[0.01503577,0.07069914,0.00261457,0.80077103,0.1108795,],
[0.01551958,0.07073018,0.00265798,0.79755726,0.11353499],
[0.01551958,0.07073018,0.00265798,0.79755726,0.11353499],
[0.01545601,0.07060589,0.0026512,0.79807249,0.11321441],
[2.29236135e-07,4.35126372e-03,1.45738466e-05,9.95622763e-01
,1.11700429e-05],
[0.01551958,0.07073018,0.00265798,0.79755726,0.11353499],
[1.70486755e-03,2.28814195e-02,5.90578817e-04,9.51484223e-01
,2.33389113e-02],
[0.01551958,0.07073018,0.00265798,0.79755729,0.11353497],
[0.01551449,0.07072315,0.00265753,0.79759787,0.11350697],
[0.00259216,0.04100118,0.00138675,0.93064354,0.02437636],
[5.54520470e-09,6.50300052e-05,4.01333389e-07,9.99933541e-01
,1.02168845e-06],
[0.01551958,0.07073018,0.00265798,0.79755726,0.11353499],
[0.01551958,0.07073018,0.00265798,0.79755726,0.11353499],
[0.01551958,0.07073018,0.00265798,0.79755726,0.11353499],
[0.01551958,0.07073018,0.00265798,0.79755726,0.11353499],
[7.13412016e-08,3.23720601e-04,7.21666385e-07,9.99663017e-01
,1.24697001e-05],
[0.01551958,0.07073018,0.00265798,0.79755726,0.11353499],
[0.01520563,0.07030854,0.00263765,0.80020845,0.11163973],
[0.01551958,0.07073018,0.00265798,0.79755726,0.11353499],
[1.27248055e-09,6.19181556e-03,4.13656264e-06,9.93803655e-01
,3.91328502e-07],
[0.0155185,0.07072865,0.00265789,0.79756531,0.11352966],
[0.01551958,0.07073018,0.00265798,0.79755726,0.11353499],
[2.71106262e-05,2.75886982e-03,2.65931914e-05,6.13548804e-02
,9.35832546e-01],
[0.01551958,0.07073018,0.00265798,0.79755726,0.11353499],
[0.01551957,0.07073019,0.00265798,0.7975573,0.11353496],
[0.01551957,0.07073017,0.00265798,0.79755721,0.11353506],
[0.01551958,0.07073018,0.00265798,0.79755726,0.11353499],
[2.70104435e-05,2.77624442e-03,2.66832966e-05,6.17029118e-02
,9.35467150e-01],
[2.18454896e-05,7.65527124e-03,1.99190230e-04,9.91739820e-01
,3.83873524e-04],
[0.01551958,0.07073018,0.00265798,0.79755726,0.11353499],
[0.01549838,0.07070489,0.00265586,0.7974484,0.11369247],
[0.00171185,0.03571841,0.00117883,0.9443541,0.01703681],
[2.28538965e-04,4.85060988e-02,2.53866420e-04,9.46551627e-01
,4.45986886e-03],
[0.01551958,0.07073018,0.00265798,0.79755726,0.11353499],
[2.60772834e-05,2.83959021e-03,2.66633939e-05,6.69873851e-02
,9.30120284e-01],
[0.01551675,0.07073231,0.0026579,0.79757073,0.1135223,],
[0.01540158,0.07059254,0.00265154,0.7985533,0.11280105],
[0.01551958,0.07073018,0.00265798,0.79755726,0.11353499],
[0.01551949,0.07072999,0.00265797,0.79755802,0.11353453],
[0.01551958,0.07073018,0.00265798,0.79755726,0.11353499],
[0.01551958,0.07073018,0.00265798,0.79755726,0.11353499],
[0.01551958,0.07073018,0.00265798,0.79755726,0.11353499],
[0.01551958,0.07073018,0.00265798,0.79755726,0.11353499],
[0.01551958,0.07073018,0.00265798,0.79755726,0.11353499],
[0.01546211,0.07061216,0.00265159,0.79795219,0.11332195],
[1.26641976e-05,5.69659266e-02,1.19761725e-04,9.42226808e-01
,6.74839256e-04],
[0.01551958,0.07073018,0.00265798,0.79755726,0.11353499],
[6.84273266e-08,1.11925492e-02,4.89648561e-05,9.88749176e-01
,9.24106648e-06],
[0.01542117,0.07061241,0.0026481,0.79704909,0.11426923],
[0.01551958,0.07073018,0.00265798,0.79755726,0.11353499],
[0.0154024,0.07059023,0.00264623,0.79695726,0.11440389],
[0.01551958,0.07073018,0.00265798,0.79755726,0.11353499],
[0.01551958,0.07073018,0.00265798,0.79755726,0.11353499],
[0.01551958,0.07073018,0.00265798,0.79755726,0.11353499],
[1.02933562e-04,6.22373211e-03,7.53066728e-05,1.23677604e-01
,8.69920424e-01],
[0.01551958,0.07073018,0.00265798,0.79755726,0.11353499],
[0.01551958,0.07073018,0.00265798,0.79755726,0.11353499],
[0.01551958,0.07073018,0.00265798,0.79755726,0.11353499],
[0.01551958,0.07073018,0.00265798,0.79755726,0.11353499],
[5.01033932e-06,9.63164919e-04,9.84913039e-06,9.98700638e-01
,3.21337694e-04],
[7.12640501e-07,5.82220492e-03,2.54077900e-05,9.94123026e-01
,2.86485126e-05],
[0.01551958,0.07073018,0.00265798,0.79755726,0.11353499],
[0.01551958,0.07073018,0.00265798,0.79755726,0.11353499],
[0.01551656,0.07072666,0.00265768,0.79754216,0.11355693],
[0.01551958,0.07073018,0.00265798,0.79755726,0.11353499],
[0.01551958,0.07073018,0.00265798,0.79755726,0.11353499],
[0.01551958,0.07073018,0.00265798,0.79755726,0.11353499],
[0.01550413,0.07071174,0.00265643,0.79747792,0.11364977],
[0.01551958,0.07073018,0.00265798,0.79755726,0.11353499],
[0.01551958,0.07073018,0.00265798,0.79755726,0.11353499],
[0.01551958,0.07073017,0.00265798,0.79755722,0.11353505],
[1.36282068e-06,4.72563017e-04,3.93594490e-06,9.99399064e-01
,1.23074211e-04],
[0.01551064,0.07071087,0.00265698,0.79763198,0.11348953],
[0.01551958,0.07073018,0.00265798,0.79755726,0.11353499],
[0.01551958,0.07073018,0.00265798,0.79755726,0.11353499],
[0.0046759,0.03989043,0.00119465,0.90587951,0.04835951],
[0.01551958,0.07073018,0.00265798,0.79755726,0.11353499],
[1.14874543e-04,3.70299965e-02,1.67194366e-04,9.60059305e-01
,2.62862926e-03],
[0.01551958,0.07073019,0.00265798,0.79755728,0.11353497],
[0.01551958,0.07073018,0.00265798,0.79755726,0.11353499],
[0.01551958,0.07073018,0.00265798,0.79755726,0.11353499],
[0.01551873,0.07072919,0.00265794,0.79756443,0.11352971],
[0.01551958,0.07073018,0.00265798,0.79755726,0.11353499],
[0.01551955,0.07073018,0.00265798,0.79755747,0.11353482],
[0.01551907,0.07072959,0.00265796,0.79756155,0.11353184],
[0.01125239,0.06465385,0.002195,0.76701956,0.1548792,],
[0.01551958,0.07073018,0.00265798,0.79755726,0.11353499],
[6.56095376e-04,5.45644147e-02,4.62939921e-04,9.33564047e-01
,1.07525031e-02],
[1.28477325e-06,4.60670087e-04,3.81449987e-06,9.99416943e-01
,1.17287663e-04],
[5.40065391e-05,1.14634341e-01,7.24747852e-04,8.81552697e-01
,3.03420762e-03],
[4.17905900e-09,6.84160005e-04,9.54101595e-07,9.99311963e-01
,2.91884358e-06],
[2.16981497e-06,7.96639901e-02,1.16673576e-04,9.19964627e-01
,2.52539266e-04],
[5.38540783e-05,1.14619931e-01,7.24164835e-04,8.81573895e-01
,3.02815476e-03],
[0.01551951,0.07073009,0.00265798,0.79755688,0.11353554],
[1.21214652e-04,6.87946551e-03,8.55718489e-05,1.34806356e-01
,8.58107392e-01],
[0.01543127,0.07061458,0.00265241,0.79830093,0.11300081],
[2.89161423e-06,6.87350311e-02,1.47327878e-04,8.76177503e-01
,5.49372466e-02],
[1.57661343e-11,2.29851749e-05,1.70300411e-08,9.99976988e-01
,9.53741893e-09],
[1.92090454e-04,4.75343564e-02,2.29932892e-04,9.48145124e-01
,3.89849611e-03],
[2.28002296e-07,4.34296882e-03,1.45387830e-05,9.95631132e-01
,1.11324539e-05],
[6.64915728e-06,8.28160295e-03,1.49155922e-04,9.91384623e-01
,1.77968581e-04],
[0.01444837,0.06863506,0.00253879,0.8064027,0.10797509],
[5.22811179e-05,1.14266855e-01,7.12005123e-04,8.82009058e-01
,2.95980067e-03],
[0.0154708,0.07067413,0.00265533,0.79796743,0.11323231],
[1.35420307e-05,5.53809455e-02,2.78686356e-04,9.43213157e-01
,1.11366937e-03],
[5.38955283e-05,1.14648655e-01,7.24379544e-04,8.81542906e-01
,3.03016442e-03],
[7.82701578e-09,2.74143332e-04,2.45400472e-07,9.99723187e-01
,2.41605644e-06],
[1.91994403e-04,4.75315827e-02,2.29867337e-04,9.48149569e-01
,3.89698654e-03],
[0.01551906,0.07072957,0.00265796,0.79756164,0.11353178],
[0.01551958,0.07073018,0.00265798,0.79755728,0.11353498],
[3.66367276e-05,1.00749947e-01,6.23206941e-04,8.96421565e-01
,2.16864487e-03],
[0.01551949,0.07072998,0.00265797,0.79755796,0.1135346,],
[0.01551791,0.07072794,0.00265781,0.79755262,0.11354371],
[2.76674515e-09,2.93679561e-04,1.90555304e-07,9.99704893e-01
,1.23382203e-06],
[0.01551958,0.07073018,0.00265798,0.79755727,0.11353498],
[8.13811455e-10,1.06176128e-03,2.20619909e-06,9.98935681e-01
,3.50945662e-07],
[2.29180110e-07,4.35087867e-03,1.45723828e-05,9.95623152e-01
,1.11675602e-05],
[5.38950455e-05,1.14648717e-01,7.24377941e-04,8.81542863e-01
,3.03014683e-03],
[0.01551951,0.07073002,0.00265798,0.7975579,0.11353461],
[0.00952035,0.06186364,0.00225602,0.85154439,0.07481559],
[4.64831439e-05,1.09161165e-01,6.83981137e-04,8.87442321e-01
,2.66604965e-03],
[0.0126625,0.06691357,0.00235696,0.77950558,0.13856139],
[6.06077935e-05,1.10232529e-02,3.03198570e-04,9.87679949e-01
,9.32991358e-04],
[3.01012606e-05,8.58541549e-03,2.27318661e-04,9.90649746e-01
,5.07418998e-04],
[1.50763373e-09,4.06280295e-05,2.33434015e-07,9.99958808e-01
,3.29069240e-07],
[2.19067175e-05,7.66295408e-03,1.99420287e-04,9.91730909e-01
,3.84810155e-04],
[3.16024900e-06,1.73206555e-02,2.15522706e-05,6.81347643e-01
,3.01306989e-01],
[1.90319686e-07,3.73351706e-02,2.52531809e-05,9.62599027e-01
,4.03588997e-05],
[9.80128359e-09,7.97060234e-03,1.70420476e-05,9.91895680e-01
,1.16666180e-04],
[0.01472639,0.07067572,0.0025864,0.80284723,0.10916426],
[5.67543042e-05,1.14162914e-01,7.33395731e-04,8.81915488e-01
,3.13144841e-03],
[6.85986460e-08,2.15959328e-02,2.98559665e-05,9.51738367e-01
,2.66357755e-02],
[2.14607998e-05,7.63845987e-03,1.97171099e-04,9.91764292e-01
,3.78616358e-04],
[0.01546165,0.07066316,0.00265483,0.79804521,0.11317516],
[0.01551958,0.07073018,0.00265798,0.79755726,0.11353499],
[6.84476368e-08,1.12032769e-02,4.89413825e-05,9.88738382e-01
,9.33121243e-06],
[5.38101552e-05,1.14588904e-01,7.23935904e-04,8.81607334e-01
,3.02601657e-03],
[5.04073496e-12,5.93345236e-05,5.84322167e-08,9.99940599e-01
,8.27162096e-09],
[4.38110654e-09,7.01137343e-04,9.85771990e-07,9.99294851e-01
,3.02147811e-06],
[0.01551577,0.07072591,0.00265761,0.79753938,0.11356132],
[5.38950446e-05,1.14648717e-01,7.24377938e-04,8.81542863e-01
,3.03014680e-03],
[0.01551958,0.07073018,0.00265798,0.79755726,0.11353499],
[2.72084633e-05,2.75180161e-03,2.65748571e-05,6.12111785e-02
,9.35983237e-01],
[0.01462293,0.07139,0.00262971,0.80190184,0.10945553],
[2.71654087e-05,2.74943499e-03,2.65441409e-05,6.11658006e-02
,9.36031055e-01],
[2.68911452e-05,2.79771721e-03,2.67976806e-05,6.21503045e-02
,9.34998289e-01],
[0.00726882,0.05694818,0.00204082,0.87428434,0.05945784],
[2.08040674e-06,2.02496241e-03,2.76207540e-05,9.97865858e-01
,7.94783314e-05],
[1.88602359e-05,6.62075910e-02,3.51402710e-04,9.32004368e-01
,1.41777787e-03],
[1.11976596e-05,8.00083901e-03,1.69308136e-04,9.91569410e-01
,2.49245006e-04],
[4.18172618e-09,6.84062964e-04,9.54397779e-07,9.99312058e-01
,2.92031725e-06],
[5.20867879e-05,1.12629968e-01,7.07572118e-04,8.83653737e-01
,2.95663662e-03],
[2.86694780e-08,2.33221719e-04,4.91474071e-07,9.87335193e-01
,1.24310650e-02],
[2.71669930e-05,2.74919790e-03,2.65429733e-05,6.11610409e-02
,9.36036051e-01],
[3.92497446e-08,2.70112961e-04,6.01018170e-07,9.84087563e-01
,1.56416839e-02],
[2.71669850e-05,2.74918138e-03,2.65428536e-05,6.11607136e-02
,9.36036395e-01],
[1.58185435e-04,1.55087651e-02,4.49479945e-04,9.81733965e-01
,2.14960486e-03],
[1.57034260e-11,2.29740975e-05,1.69881469e-08,9.99976999e-01
,9.50879222e-09],
[5.38901028e-05,1.14643309e-01,7.24332617e-04,8.81548521e-01
,3.02994683e-03],
[5.51417350e-05,1.14489678e-01,7.28481589e-04,8.81651312e-01
,3.07538643e-03],
[0.01436358,0.07162449,0.00262224,0.8031272,0.10826249],
[2.18444155e-05,7.65519325e-03,1.99185177e-04,9.91739919e-01
,3.83858240e-04],
[4.18134079e-09,6.84057608e-04,9.54371081e-07,9.99312064e-01
,2.92012182e-06],
[4.67004917e-06,6.30728332e-03,8.23423531e-05,9.93478918e-01
,1.26786187e-04],
[1.84681621e-04,4.65568025e-02,2.23739999e-04,9.49246638e-01
,3.78813817e-03],
[2.18385981e-05,7.65397590e-03,1.99146883e-04,9.91741255e-01
,3.83783635e-04],
[3.92579597e-07,2.12766752e-02,9.89193665e-05,9.78570442e-01
,5.35711482e-05],
[0.01548805,0.07070499,0.00265527,0.79746235,0.11368934],
[0.01549782,0.07068414,0.00265556,0.79773792,0.11342456],
[1.33111776e-06,4.66517612e-04,3.87121006e-06,9.99407323e-01
,1.20956914e-04],
[0.01551958,0.07073018,0.00265798,0.79755726,0.11353499],
[6.35160880e-08,1.11780456e-02,4.66611141e-05,9.88766480e-01
,8.74988800e-06],
[1.50723778e-09,4.06286655e-05,2.33391833e-07,9.99958807e-01
,3.29035532e-07],
[2.17475005e-05,7.66824586e-03,1.98367795e-04,9.91726479e-01
,3.85159507e-04],
[9.55819865e-11,3.46828764e-04,1.24372774e-07,9.99339742e-01
,3.13304764e-04],
[5.38950431e-05,1.14648718e-01,7.24377933e-04,8.81542863e-01
,3.03014674e-03],
[2.15036025e-09,4.61661608e-05,2.70407308e-07,9.99953113e-01
,4.48313128e-07],
[2.71669114e-05,2.74917676e-03,2.65427970e-05,6.11606246e-02
,9.36036489e-01],
[1.22968843e-06,4.72524813e-04,3.75513461e-06,9.99368294e-01
,1.54196165e-04],
[8.79989447e-12,6.32417814e-05,6.87551519e-08,9.99936676e-01
,1.34443467e-08],
[0.01399496,0.06885807,0.0025709,0.81059988,0.10397619],
[5.11720642e-09,4.22618325e-03,1.86671784e-06,9.95769057e-01
,2.88827917e-06],
[9.27108965e-05,1.28260976e-02,3.61052107e-04,9.85369616e-01
,1.35052319e-03],
[1.91058846e-06,1.92008792e-02,7.05899643e-05,9.80461395e-01
,2.65225030e-04],
[0.00710607,0.06850516,0.00175258,0.85968656,0.06294963],
[7.81626269e-07,1.30693328e-03,4.75682322e-06,8.61613494e-01
,1.37074035e-01],
[0.00736062,0.0564012,0.00168774,0.71266425,0.2218862,],
[2.03894965e-09,5.28304963e-04,7.08931852e-07,9.99469422e-01
,1.56240047e-06],
[0.00908362,0.06948055,0.00200169,0.84358416,0.07584998],
[5.39106251e-05,1.14646706e-01,7.24429665e-04,8.81544239e-01
,3.03071445e-03],
[0.01551226,0.07072145,0.00265725,0.79751968,0.11358937],
[2.18120844e-05,7.65314951e-03,1.99026478e-04,9.91741424e-01
,3.84587688e-04],
[0.01549415,0.07067527,0.00265512,0.79776971,0.11340574],
[4.15850739e-06,8.69919629e-04,8.63786931e-06,9.98837089e-01
,2.80194719e-04],
[9.14782462e-09,2.75196603e-04,2.60091796e-07,9.99721843e-01
,2.69163059e-06],
[2.87581375e-07,1.74491852e-02,8.59810943e-05,9.82433454e-01
,3.10919924e-05],
[0.00175056,0.03063873,0.00063836,0.46399132,0.50298104],
[0.0135937,0.07056029,0.00248034,0.81055939,0.10280628],
[0.0150703,0.07019835,0.00262928,0.80020492,0.11189715],
[0.01437503,0.07161389,0.00262256,0.80306416,0.10832436],
[8.49857567e-10,6.49549474e-03,3.95077316e-06,9.93500247e-01
,3.06423842e-07],
[0.01551858,0.07073051,0.00265795,0.79756182,0.11353114],
[4.73667069e-12,5.95798668e-05,5.75554029e-08,9.99940355e-01
,7.94566531e-09],
[2.97526880e-10,5.74973293e-04,1.06462228e-06,9.99423794e-01
,1.68108784e-07],
[9.58847592e-10,1.03347213e-03,2.23972361e-06,9.98963874e-01
,4.13450562e-07],
[6.84275278e-08,1.11925515e-02,4.89648988e-05,9.88749174e-01
,9.24108596e-06],
[5.38362153e-05,1.14607360e-01,7.24071743e-04,8.81587445e-01
,3.02728636e-03],
[7.78545857e-05,1.23447714e-02,3.30283150e-04,9.85703840e-01
,1.54325038e-03],
[2.18419566e-05,7.65502536e-03,1.99173332e-04,9.91740024e-01
,3.83935831e-04],
[0.01551958,0.07073018,0.00265798,0.79755726,0.11353499],
[5.72263785e-05,1.14231829e-01,7.35188911e-04,8.81825520e-01
,3.15023546e-03],
[1.59421100e-09,5.73059274e-03,6.44831373e-06,9.93252975e-01
,1.00998225e-03],
[1.33112245e-06,4.66518523e-04,3.87121982e-06,9.99407322e-01
,1.20957226e-04],
[5.38828516e-05,1.14635372e-01,7.24266076e-04,8.81556826e-01
,3.02965354e-03],
[0.01541009,0.07081286,0.00265473,0.79807934,0.11304298],
[0.01498873,0.06958486,0.00259833,0.80199084,0.11083724],
[0.01299213,0.0675046,0.00250878,0.81940154,0.09759295],
[6.66376274e-12,6.76598302e-05,6.67403977e-08,9.99932263e-01
,1.06631144e-08],
[0.01434567,0.07163616,0.00262163,0.80321928,0.10817725],
[7.29943048e-06,3.98933240e-02,1.81535687e-04,9.59208340e-01
,7.09500626e-04],
[0.01551934,0.07072989,0.00265796,0.79755601,0.1135368,],
[6.84377381e-08,1.11930216e-02,4.89676863e-05,9.88748700e-01
,9.24223067e-06],
[2.71669099e-05,2.74917732e-03,2.65427989e-05,6.11606392e-02
,9.36036474e-01],
[5.38950431e-05,1.14648718e-01,7.24377933e-04,8.81542863e-01
,3.03014674e-03],
[5.38942226e-05,1.14648141e-01,7.24373666e-04,8.81543484e-01
,3.03010685e-03],
[0.01551958,0.07073018,0.00265798,0.79755726,0.11353499],
[3.01547461e-08,2.35987525e-04,5.05689045e-07,9.86946734e-01
,1.28167427e-02],
[6.22074324e-12,6.91614546e-05,6.97421789e-08,9.99930759e-01
,9.71403225e-09],
[4.18178966e-09,6.84084014e-04,9.54413467e-07,9.99312037e-01
,2.92039482e-06],
[2.18366178e-05,7.65360234e-03,1.99134376e-04,9.91741669e-01
,3.83757844e-04],
[0.00160748,0.0348926,0.00114895,0.94623746,0.01611352],
[0.01551958,0.07073018,0.00265798,0.79755731,0.11353495],
[1.38564156e-08,2.63798126e-04,2.81707040e-07,9.99732413e-01
,3.49346053e-06],
[0.01383266,0.06864566,0.00256112,0.81201242,0.10294815],
[6.84231095e-08,1.11924557e-02,4.89629062e-05,9.88749272e-01
,9.24061638e-06],
[1.43162048e-08,2.65890601e-04,2.87380270e-07,9.99730226e-01
,3.58190067e-06],
[5.38274633e-05,1.14574599e-01,7.23756560e-04,8.81620402e-01
,3.02741494e-03],
[1.02817718e-12,1.99732979e-04,9.26404455e-09,9.99790964e-01
,9.29416319e-06],
[4.89900309e-12,6.03078977e-05,5.83657718e-08,9.99939626e-01
,8.18217039e-09],
[5.36900760e-05,1.14569224e-01,7.22868835e-04,8.81608622e-01
,3.04559553e-03],
[0.01551958,0.07073018,0.00265798,0.79755726,0.11353499],
[5.38950431e-05,1.14648718e-01,7.24377933e-04,8.81542863e-01
,3.03014674e-03],
[5.19177998e-07,5.98219206e-03,2.00578086e-05,9.93966556e-01
,3.06752790e-05],
[2.18449720e-05,7.65519813e-03,1.99187953e-04,9.91739903e-01
,3.83865903e-04],
[1.56165903e-07,5.37901999e-04,2.30016822e-06,9.99429351e-01
,3.02909555e-05],
[4.21565845e-09,6.83717797e-04,9.56286074e-07,9.99312386e-01
,2.93565603e-06],
[1.35497115e-04,8.00711884e-03,1.64133074e-04,9.88785207e-01
,2.90804424e-03],
[2.18426774e-05,7.65527670e-03,1.99183362e-04,9.91739857e-01
,3.83840033e-04],
[6.84446442e-08,1.11935612e-02,4.89699574e-05,9.88748157e-01
,9.24310186e-06],
[1.46398992e-06,4.92815623e-04,4.14426170e-06,9.99371880e-01
,1.29695761e-04],
[0.0153734,0.07084052,0.00265363,0.79825482,0.11287762],
[1.33065832e-06,4.66528254e-04,3.87088508e-06,9.99407340e-01
,1.20929934e-04],
[2.18450672e-05,7.65521632e-03,1.99188563e-04,9.91739883e-01
,3.83867134e-04],
[7.39616252e-08,1.11403650e-02,4.99096057e-05,9.88799932e-01
,9.71974383e-06],
[2.05288996e-07,2.38151489e-04,1.78593600e-06,9.99736108e-01
,2.37492234e-05],
[3.50579734e-08,2.34275900e-04,5.53769648e-07,9.92132233e-01
,7.63290258e-03],
[7.45720098e-06,5.86442069e-02,3.31706625e-04,9.40470770e-01
,5.45859348e-04],
[6.84274530e-08,1.11925566e-02,4.89648933e-05,9.88749169e-01
,9.24108134e-06],
[0.00695591,0.07911703,0.00228026,0.84271806,0.06892874],
[3.59674799e-05,1.00227355e-01,6.18950645e-04,8.96982286e-01
,2.13544111e-03],
[6.63584302e-05,2.16535214e-02,1.08081490e-04,5.36213090e-01
,4.41958948e-01],
[2.22245645e-05,7.70048170e-03,2.00524202e-04,9.91687029e-01
,3.89740902e-04],
[0.01551958,0.07073018,0.00265798,0.79755726,0.11353499],
[1.73647730e-05,7.83824301e-02,4.64683206e-04,9.19999153e-01
,1.13636842e-03],
[1.33111741e-06,4.66517547e-04,3.87120936e-06,9.99407323e-01
,1.20956891e-04],
[6.84273245e-08,1.11925492e-02,4.89648556e-05,9.88749176e-01
,9.24106629e-06],
[5.18519941e-05,1.14163396e-01,7.08688056e-04,8.82135052e-01
,2.94101242e-03],
[0.01551958,0.07073018,0.00265798,0.79755726,0.11353499],
[4.96433678e-14,3.36642101e-05,4.19426913e-09,9.99966331e-01
,2.30471834e-10],
[4.18178234e-09,6.84083843e-04,9.54412458e-07,9.99312037e-01
,2.92039080e-06],
[9.54840364e-11,3.46685469e-04,1.24263546e-07,9.99339190e-01
,3.14000290e-04],
[1.16364856e-06,4.58766938e-04,3.58385677e-06,9.99427517e-01
,1.08968268e-04],
[0.01551958,0.07073018,0.00265798,0.79755726,0.11353499],
[0.015519,0.0707296,0.00265795,0.79756203,0.11353143],
[9.65853470e-09,1.08008917e-03,1.71987775e-06,9.98912769e-01
,5.41200393e-06],
[5.92550151e-07,6.84722651e-02,5.56747139e-05,9.31379034e-01
,9.24337656e-05],
[9.49822161e-05,1.10735880e-01,8.33020391e-04,8.83961967e-01
,4.37415034e-03],
[1.39899042e-08,2.64114262e-04,2.83261740e-07,9.99732069e-01
,3.51956469e-06],
[2.46873620e-10,2.93464714e-05,8.79749131e-08,9.99967477e-01
,3.08860616e-06],
[3.45829106e-05,3.19299295e-03,3.20932811e-05,6.96463091e-02
,9.27094022e-01],
[1.26704210e-06,4.62372465e-04,3.76970217e-06,9.99404100e-01
,1.28490598e-04],
[5.38597451e-05,1.14630294e-01,7.24078182e-04,8.81557732e-01
,3.03403623e-03],
[1.41988743e-06,4.06550249e-02,7.62016779e-05,6.40609420e-01
,3.18657933e-01],
[0.01545036,0.07061577,0.00265224,0.79813865,0.11314298],
[4.18179683e-09,6.84083932e-04,9.54413859e-07,9.99312037e-01
,2.92039806e-06],
[3.19512572e-11,3.64953271e-04,5.89016136e-08,9.99634850e-01
,1.38024573e-07],
[1.90995263e-06,5.68379086e-04,4.99257697e-06,9.99266876e-01
,1.57842364e-04],
[1.09220529e-13,3.20335886e-05,5.09144649e-09,9.99967961e-01
,3.83870487e-10],
[1.21005998e-06,4.52540681e-04,3.71156284e-06,9.99430780e-01
,1.11757570e-04],
[5.40356257e-05,1.14630595e-01,7.24844259e-04,8.81555258e-01
,3.03526651e-03],
[8.52106282e-12,1.33349033e-04,2.91875893e-08,9.99866606e-01
,1.58422335e-08],
[5.37787973e-05,1.14566760e-01,7.23772432e-04,8.81631199e-01
,3.02449021e-03],
[0.01551957,0.07073016,0.00265798,0.79755733,0.11353495],
[1.04791159e-06,4.74066861e-04,3.65306684e-06,9.99417595e-01
,1.03636799e-04],
[1.46740529e-09,4.04908895e-05,2.29837651e-07,9.99958956e-01
,3.22231888e-07],
[0.01551958,0.07073018,0.00265798,0.79755726,0.11353499],
[2.04954010e-07,4.26449111e-03,1.37211962e-05,9.95708761e-01
,1.28213169e-05],
[1.91184882e-04,4.74584508e-02,2.29490317e-04,9.48238273e-01
,3.88260138e-03],
[0.00825919,0.05196606,0.00174563,0.86517654,0.07285258],
[1.56893188e-11,2.29667723e-05,1.69819197e-08,9.99977007e-01
,9.50132949e-09],
[6.65062889e-12,5.82583447e-05,6.25076675e-08,9.99941669e-01
,9.89398038e-09],
[0.01551869,0.07072825,0.00265788,0.79756474,0.11353044],
[2.30187120e-07,4.34895445e-03,1.46189872e-05,9.95624995e-01
,1.12013912e-05],
[5.62871885e-04,2.42765759e-02,7.54094195e-04,9.67924816e-01
,6.48164151e-03],
[1.38563748e-08,2.63798178e-04,2.81706823e-07,9.99732413e-01
,3.49345387e-06],
[0.00888165,0.05388961,0.00183326,0.85868562,0.07670987],
[2.17665525e-05,7.65557114e-03,1.98985428e-04,9.91740713e-01
,3.82964357e-04],
[1.45038185e-08,2.70471493e-04,2.90918706e-07,9.99725610e-01
,3.61306811e-06],
[3.49053462e-11,2.06976571e-05,3.05765540e-08,9.99943455e-01
,3.58172184e-05],
[1.56890705e-11,2.29665707e-05,1.69817272e-08,9.99977007e-01
,9.50121945e-09],
[2.00293703e-07,2.21702131e-03,1.24964650e-05,9.75979486e-01
,2.17907964e-02],
[0.01533494,0.07033014,0.00263717,0.79910295,0.1125948,],
[4.85425800e-05,1.10678227e-01,6.93647056e-04,8.85739891e-01
,2.83969201e-03],
[1.33114433e-06,4.66523154e-04,3.87126753e-06,9.99407316e-01
,1.20958702e-04],
[9.83089800e-07,4.58155719e-02,7.46718663e-05,6.95463074e-01
,2.58645699e-01],
[4.47758385e-06,1.98101786e-02,2.70713580e-05,7.43411915e-01
,2.36746357e-01],
[1.56894552e-11,2.29665973e-05,1.69819589e-08,9.99977007e-01
,9.50140132e-09],
[1.26056551e-06,4.71850147e-04,3.77325145e-06,9.99407363e-01
,1.15752715e-04],
[1.52346533e-09,4.08610640e-05,2.35158957e-07,9.99958571e-01
,3.31614205e-07],
[1.84417422e-03,2.54551030e-02,6.54930294e-04,9.47103181e-01
,2.49426115e-02],
[4.35299349e-11,3.86814356e-04,6.94508452e-08,9.99613032e-01
,8.43446477e-08],
[5.90179096e-08,1.07898015e-02,4.50069030e-05,9.89154625e-01
,1.05077841e-05],
[0.01551907,0.07072907,0.00265793,0.79756157,0.11353237],
[1.64378426e-09,4.88904721e-04,6.48445221e-07,9.99509150e-01
,1.29514677e-06],
[4.73691074e-12,5.95804879e-05,5.75564305e-08,9.99940354e-01
,7.94598318e-09],
[1.34935382e-06,4.70003331e-04,3.90850790e-06,9.99402563e-01
,1.22176205e-04],
[3.14983470e-06,1.73173734e-02,2.15156850e-05,6.81529787e-01
,3.01128174e-01],
[7.14875319e-10,6.31443900e-03,3.54191717e-06,9.93681749e-01
,2.69158211e-07],
[0.01551958,0.07073018,0.00265798,0.79755726,0.11353499],
[1.32773413e-05,5.49354881e-02,2.75394610e-04,9.43677718e-01
,1.09812179e-03],
[1.33111077e-06,4.66516709e-04,3.87120136e-06,9.99407325e-01
,1.20956365e-04],
[1.31146786e-04,7.20107232e-03,9.08932500e-05,1.40109980e-01
,8.52466908e-01],
[1.97276849e-05,7.56386655e-03,1.87690398e-04,9.91759586e-01
,4.69129202e-04],
[1.91994267e-04,4.75315788e-02,2.29867244e-04,9.48149575e-01
,3.89698440e-03],
[2.71535304e-05,2.75147752e-03,2.65547684e-05,6.12067397e-02
,9.35988074e-01],
[1.91990715e-04,4.75311092e-02,2.29864284e-04,9.48150104e-01
,3.89693182e-03],
[4.18220043e-09,6.84079548e-04,9.54436240e-07,9.99312041e-01
,2.92058018e-06],
[2.98348592e-07,3.87059294e-04,1.64070518e-06,9.99573128e-01
,3.78733873e-05],
[3.00058908e-08,2.33505533e-04,4.97819473e-07,9.86924222e-01
,1.28417447e-02],
[0.01551947,0.07073018,0.00265797,0.79755797,0.1135344,],
[1.56889931e-11,2.29665133e-05,1.69816724e-08,9.99977007e-01
,9.50118415e-09],
[0.01551738,0.07072762,0.00265786,0.79757582,0.11352131],
[1.56217176e-09,5.67549258e-03,6.37723400e-06,9.93323578e-01
,9.94550149e-04],
[1.51005216e-09,4.06514380e-05,2.33588709e-07,9.99958784e-01
,3.29529072e-07],
[9.29694082e-06,5.55837511e-02,3.00072352e-04,9.43390868e-01
,7.16011338e-04],
[0.01551838,0.07072783,0.00265785,0.79756708,0.11352886],
[7.22597908e-06,4.18625523e-03,9.14521568e-05,9.95545090e-01
,1.69976971e-04],
[1.54004827e-04,4.75439144e-02,2.14117837e-04,9.48309707e-01
,3.77825606e-03],
[2.16345315e-05,3.99783835e-03,3.24114944e-05,8.56647689e-02
,9.10283347e-01],
[1.50990202e-09,4.06614575e-05,2.33681434e-07,9.99958774e-01
,3.29434192e-07],
[2.35042153e-05,2.96039017e-03,2.64977257e-05,8.61675953e-02
,9.10822013e-01],
[5.38950410e-05,1.14648717e-01,7.24377917e-04,8.81542863e-01
,3.03014666e-03],
[2.85489046e-11,2.84870330e-05,2.17593262e-08,9.99971475e-01
,1.60022296e-08],
[2.49775414e-05,2.86173977e-03,2.64640564e-05,7.40359125e-02
,9.23050906e-01],
[1.38659702e-08,2.63897647e-04,2.81843899e-07,9.99732311e-01
,3.49523631e-06],
[2.46643189e-09,4.85017229e-05,2.86206244e-07,9.99950704e-01
,5.05179441e-07],
[1.59825032e-11,2.30197628e-05,1.71633259e-08,9.99976953e-01
,9.63891415e-09],
[3.16316374e-10,1.33714953e-04,3.66873661e-08,9.99490673e-01
,3.75575331e-04],
[1.33346963e-06,4.66968308e-04,3.87602795e-06,9.99406708e-01
,1.21114421e-04],
[0.01371756,0.0684937,0.00255412,0.81301651,0.10221811],
[0.00536617,0.05023653,0.00137698,0.66328368,0.27973664],
[8.86104998e-05,4.68354138e-02,1.79487027e-04,9.49683474e-01
,3.21301419e-03],
[9.06026496e-05,1.27214885e-02,3.57658619e-04,9.85506487e-01
,1.32376357e-03],
[4.72154991e-06,2.83082074e-03,1.47198963e-05,5.40466119e-01
,4.56683619e-01],
[1.38564140e-08,2.63798129e-04,2.81707017e-07,9.99732413e-01
,3.49346025e-06],
[3.03026812e-04,9.02827717e-03,1.76576267e-04,9.83903525e-01
,6.58859473e-03],
[1.38564140e-08,2.63798129e-04,2.81707017e-07,9.99732413e-01
,3.49346025e-06],
[9.86010597e-05,4.50239571e-02,2.86392334e-04,9.51388155e-01
,3.20289491e-03],
[1.32924582e-06,4.66281493e-04,3.86895549e-06,9.99407712e-01
,1.20808783e-04],
[3.84234038e-12,5.80426927e-05,5.10405967e-08,9.99941900e-01
,6.75410337e-09],
[4.19253043e-11,3.83953833e-04,6.80873281e-08,9.99615887e-01
,9.05694732e-08],
[1.50762727e-09,4.06279284e-05,2.33433299e-07,9.99958808e-01
,3.29068205e-07],
[2.27162504e-07,4.34505291e-03,1.45292183e-05,9.95629097e-01
,1.10932267e-05],
[1.69027023e-08,2.70437985e-04,3.15766845e-07,9.99725153e-01
,4.07642003e-06],
[7.83606159e-12,7.14129031e-05,7.08939420e-08,9.99928504e-01
,1.23172304e-08],
[2.65452346e-06,8.26770823e-03,1.13830833e-04,9.91518363e-01
,9.74430335e-05],
[5.75559949e-05,1.14191940e-01,7.36232381e-04,8.81852290e-01
,3.16198152e-03],
[1.91994266e-04,4.75315786e-02,2.29867243e-04,9.48149575e-01
,3.89698438e-03],
[1.57301352e-11,2.29881733e-05,1.70001037e-08,9.99976985e-01
,9.52287546e-09],
[1.33112413e-06,4.66518840e-04,3.87122315e-06,9.99407321e-01
,1.20957348e-04],
[9.51771563e-09,7.88526058e-05,5.00631608e-07,9.99919000e-01
,1.63737172e-06],
[4.73667069e-12,5.95798668e-05,5.75554029e-08,9.99940355e-01
,7.94566531e-09],
[5.38400305e-12,6.39054964e-05,6.29923246e-08,9.99936023e-01
,8.73264534e-09],
[2.71430811e-05,2.75040137e-03,2.65422045e-05,6.12828548e-02
,9.35913059e-01],
[1.50762727e-09,4.06279284e-05,2.33433299e-07,9.99958808e-01
,3.29068205e-07],
[1.50858774e-09,4.06389422e-05,2.33509999e-07,9.99958797e-01
,3.29240978e-07],
[0.00677841,0.04703452,0.00152709,0.88137561,0.06328437],
[1.50762727e-09,4.06279284e-05,2.33433299e-07,9.99958808e-01
,3.29068205e-07],
[3.06771799e-05,8.64374578e-03,2.29100936e-04,9.90580620e-01
,5.15856032e-04],
[1.69194532e-08,1.52541733e-04,1.28270547e-06,9.99844202e-01
,1.95651130e-06],
[3.73646830e-09,6.68759542e-04,8.95567540e-07,9.99326921e-01
,3.42004337e-06],
[4.18178196e-09,6.84083571e-04,9.54412723e-07,9.99312037e-01
,2.92039076e-06],
[6.89539921e-09,7.23288664e-05,4.29139426e-07,9.99925485e-01
,1.74976698e-06],
[0.01551958,0.07073018,0.00265798,0.79755726,0.11353499],
[1.50207860e-05,1.20188744e-02,3.86822478e-05,9.87325973e-01
,6.01449500e-04],
[1.57089522e-11,2.29701614e-05,1.69940701e-08,9.99977003e-01
,9.51056801e-09],
[7.57564298e-14,4.08651923e-05,5.59518779e-09,9.99959129e-01
,3.16165793e-10],
[2.70337729e-04,1.14585085e-02,1.62604877e-04,2.11378028e-01
,7.76730521e-01],
[7.48183674e-10,3.58197718e-05,1.59976878e-07,9.99963236e-01
,7.83159743e-07],
[1.72298607e-09,4.26278199e-05,2.46702430e-07,9.99956754e-01
,3.69643327e-07],
[5.38950431e-05,1.14648718e-01,7.24377933e-04,8.81542863e-01
,3.03014674e-03],
[3.05375335e-08,2.35781990e-04,5.04057660e-07,9.86754833e-01
,1.30088505e-02],
[5.09090884e-04,1.67353568e-02,2.67082361e-04,2.85649832e-01
,6.96838638e-01],
[2.18450510e-05,7.65521557e-03,1.99188480e-04,9.91739884e-01
,3.83866915e-04],
[1.90716549e-04,4.75525345e-02,2.29494179e-04,9.48147051e-01
,3.88020396e-03],
[1.56873187e-11,2.29660606e-05,1.69806996e-08,9.99977007e-01
,9.50261441e-09],
[2.31178818e-07,3.74924188e-04,1.41723605e-06,9.99592359e-01
,3.10685944e-05],
[1.60221256e-11,2.30268856e-05,1.71877390e-08,9.99976946e-01
,9.65746350e-09],
[0.012949,0.06733668,0.00238829,0.78156616,0.13575987],
[1.32978322e-06,5.04459018e-02,9.08701260e-05,7.85633044e-01
,1.63828855e-01],
[3.28076831e-05,9.72079173e-02,5.96980640e-04,9.00185130e-01
,1.97716429e-03],
[2.13868548e-08,3.29560425e-04,3.81195042e-07,9.99665161e-01
,4.87638429e-06],
[2.56343622e-04,1.86120240e-02,5.35056146e-04,9.77205310e-01
,3.39126648e-03],
[2.28563265e-07,4.34640993e-03,1.45567683e-05,9.95627664e-01
,1.11411161e-05],
[2.18478812e-05,7.65576852e-03,1.99195583e-04,9.91739161e-01
,3.84026874e-04],
[2.18865223e-05,7.66072867e-03,1.99337483e-04,9.91733539e-01
,3.84508597e-04],
[1.28524000e-08,3.42768880e-02,7.08809689e-06,9.56104759e-01
,9.61125160e-03],
[5.14594701e-05,1.03981054e-02,2.83466690e-04,9.88457796e-01
,8.09172681e-04],
[4.18181915e-09,6.84083689e-04,9.54415097e-07,9.99312037e-01
,2.92040813e-06],
[9.82383667e-07,4.60703797e-02,7.50073270e-05,6.98031554e-01
