# -*- coding: utf-8 -*-
a=[
[6.17288669e-01,3.80816141e-01,1.89141086e-03,4.77429397e-14
,3.77850661e-06],
[8.14370257e-01,1.82157961e-01,3.46482894e-03,3.65160521e-13
,6.95221125e-06],
[5.57937831e-04,9.99441750e-01,3.10539036e-07,1.40031276e-21
,1.20351694e-09],
[6.93282027e-01,3.04148966e-01,2.56359511e-03,1.28427790e-13
,5.41148014e-06],
[8.22560522e-01,1.73845307e-01,3.58695351e-03,4.14015247e-13
,7.21747910e-06],
[4.12777556e-04,9.99587010e-01,2.11750742e-07,5.50573323e-22
,7.85448794e-10],
[6.34171800e-01,3.63628269e-01,2.19520494e-03,8.13658874e-14
,4.72693316e-06],
[2.40711330e-01,7.58774534e-01,5.12224189e-04,1.01750632e-14
,1.91172632e-06],
[7.28771727e-01,2.68533709e-01,2.68858307e-03,1.96808774e-13
,5.98035881e-06],
[8.03799287e-01,1.92912303e-01,3.28192520e-03,2.96153006e-13
,6.48473584e-06],
[1.10160408e-04,9.99889823e-01,1.64084878e-08,2.89803710e-23
,1.09624355e-10],
[1.11172327e-04,9.99888807e-01,2.10758728e-08,1.83068751e-24
,5.16980530e-11],
[5.38595992e-04,9.99461103e-01,3.00080388e-07,1.08093903e-21
,1.09748188e-09],
[7.82221011e-01,2.14558177e-01,3.21417336e-03,2.83208702e-13
,6.63855271e-06],
[9.28010184e-02,9.07078397e-01,1.20339684e-04,6.94431240e-17
,2.45043538e-07],
[6.65160924e-03,9.93344702e-01,3.66974547e-06,9.08763191e-19
,1.91288110e-08],
[2.61778832e-01,7.37592327e-01,6.27238684e-04,4.58292654e-15
,1.60206361e-06],
[6.85957134e-01,3.11710332e-01,2.32786785e-03,9.10681267e-14
,4.66539752e-06],
[2.00145327e-03,9.97997087e-01,1.45535267e-06,2.18659579e-20
,4.79159790e-09],
[1.38135140e-03,9.98617797e-01,8.49023229e-07,6.61614418e-21
,2.69427361e-09],
[8.14476779e-01,1.82006969e-01,3.50916366e-03,3.80505170e-13
,7.08904803e-06],
[2.60208870e-01,7.39226319e-01,5.63498515e-04,2.93765562e-15
,1.31333283e-06],
[8.12934720e-01,1.83564461e-01,3.49375571e-03,3.74434059e-13
,7.06340760e-06],
[6.80296962e-02,9.31854730e-01,1.15267468e-04,1.14983237e-16
,3.06674153e-07],
[8.07973827e-01,1.88572280e-01,3.44690034e-03,3.57146941e-13
,6.99260192e-06],
[3.44803776e-01,6.54715022e-01,4.80437380e-04,1.00838798e-15
,7.64533588e-07],
[3.52546848e-04,9.99647275e-01,1.77810525e-07,4.01987660e-22
,6.73012346e-10],
[1.06550319e-03,9.98933848e-01,6.46913284e-07,4.46309060e-21
,2.19277224e-09],
[7.54104658e-01,2.42930700e-01,2.95857235e-03,2.04588210e-13
,6.07023205e-06],
[8.02550715e-01,1.94151949e-01,3.29073394e-03,3.09066682e-13
,6.60220596e-06],
[8.17829022e-01,1.78641152e-01,3.52273038e-03,3.89287773e-13
,7.09567266e-06],
[5.62798406e-01,4.35421571e-01,1.77511340e-03,9.50614637e-14
,4.90967186e-06],
[4.35150107e-01,5.63717091e-01,1.13042553e-03,1.23151453e-14
,2.37573790e-06],
[3.79920551e-01,6.19056815e-01,1.02031483e-03,1.08660156e-14
,2.31946076e-06],
[7.66083697e-01,2.31070089e-01,2.84053766e-03,1.90946466e-13
,5.67598975e-06],
[3.69412138e-03,9.96302722e-01,3.14694683e-06,9.97043934e-20
,1.00614596e-08],
[7.73710857e-01,2.23191186e-01,3.09168414e-03,2.38613087e-13
,6.27303202e-06],
[6.20387752e-01,3.77480159e-01,2.12745242e-03,7.57542957e-14
,4.63708033e-06],
[7.07535603e-01,2.90260382e-01,2.19996034e-03,7.20582691e-14
,4.05462380e-06],
[8.09201667e-01,1.87435895e-01,3.35578982e-03,3.21554289e-13
,6.64882413e-06],
[8.19276405e-01,1.77171469e-01,3.54499868e-03,3.95242123e-13
,7.12769067e-06],
[3.93474761e-01,6.05549297e-01,9.73876969e-04,8.60540817e-15
,2.06497162e-06],
[7.59463991e-01,2.37676563e-01,2.85379282e-03,1.79454907e-13
,5.65277214e-06],
[7.31397248e-01,2.65774575e-01,2.82228540e-03,1.76101986e-13
,5.89232724e-06],
[6.67746330e-02,9.33120746e-01,1.04091972e-04,7.39474309e-16
,5.29070336e-07],
[2.23777207e-04,9.99776123e-01,9.96312742e-08,1.75498577e-22
,4.24928077e-10],
[7.87112465e-01,2.09753496e-01,3.12781578e-03,2.49804597e-13
,6.22352722e-06],
[1.24712715e-07,9.99999875e-01,5.00123597e-12,1.00535011e-29
,6.88189694e-14],
[5.43402301e-01,4.54859768e-01,1.73407133e-03,4.28961210e-14
,3.85968105e-06],
[8.20291165e-01,1.76153769e-01,3.54794586e-03,3.96636579e-13
,7.12021539e-06],
[8.13458002e-01,1.83021369e-01,3.51359002e-03,3.70397998e-13
,7.03829105e-06],
[7.57801898e-01,2.39414217e-01,2.77841928e-03,1.65627692e-13
,5.46556773e-06],
[5.07141307e-01,4.91889220e-01,9.67925578e-04,5.53849893e-15
,1.54824455e-06],
[8.00716707e-01,1.95896813e-01,3.37961356e-03,3.30110894e-13
,6.86622693e-06],
[4.30096520e-04,9.99569763e-01,1.39737517e-07,1.08565358e-22
,3.71799418e-10],
[5.69138994e-01,4.29023911e-01,1.83307113e-03,4.92659195e-14
,4.02330709e-06],
[8.04896910e-01,1.91693541e-01,3.40249408e-03,3.66268508e-13
,7.05541391e-06],
[1.55645589e-02,9.84416756e-01,1.86303368e-05,3.16610008e-18
,5.44415891e-08],
[6.78671587e-06,9.99993213e-01,1.96636047e-10,2.58543224e-29
,2.44714719e-13],
[5.01746697e-02,9.49807952e-01,1.73621981e-05,2.11264220e-19
,1.63986075e-08],
[7.82602783e-01,2.14234955e-01,3.15557818e-03,2.97878365e-13
,6.68377343e-06],
[2.45370590e-04,9.99754515e-01,1.14067098e-07,1.69030966e-22
,4.41024783e-10],
[7.58134083e-01,2.39031664e-01,2.82853503e-03,1.87127279e-13
,5.71728914e-06],
[2.27902522e-01,7.71780673e-01,3.16120349e-04,8.46834840e-16
,6.84268419e-07],
[8.19672632e-01,1.76770262e-01,3.54996603e-03,3.97481222e-13
,7.13960836e-06],
[1.58309386e-02,9.84151696e-01,1.72343577e-05,5.73148431e-17
,1.31146587e-07],
[4.60175647e-02,9.53933589e-01,4.87224046e-05,1.52149615e-17
,1.23477358e-07],
[4.93628015e-01,5.05418036e-01,9.52362772e-04,5.81185605e-15
,1.58631075e-06],
[9.07394095e-02,9.09096359e-01,1.63809304e-04,2.23990501e-16
,4.21740627e-07],
[8.10389608e-01,1.86221711e-01,3.38196042e-03,3.31274633e-13
,6.71986509e-06],
[1.18099462e-01,8.81676007e-01,2.23972084e-04,4.09654119e-16
,5.58958925e-07],
[7.88464149e-01,2.08450809e-01,3.07895897e-03,2.41107425e-13
,6.08278019e-06],
[9.49016510e-02,9.04926385e-01,1.71504613e-04,2.82939665e-16
,4.59661983e-07],
[8.03271779e-04,9.99196237e-01,4.89938099e-07,2.79573975e-21
,1.74694652e-09],
[5.98243661e-01,3.99749869e-01,2.00213272e-03,6.15402801e-14
,4.33716032e-06],
[2.17113567e-02,9.78281746e-01,6.88934084e-06,4.19599865e-20
,7.45222066e-09],
[6.24427962e-01,3.73424862e-01,2.14240801e-03,8.32180038e-14
,4.76795644e-06],
[8.06719411e-01,1.89839220e-01,3.43441520e-03,3.49742547e-13
,6.95374545e-06],
[6.28266506e-01,3.70202010e-01,1.52890477e-03,2.15343375e-14
,2.57890253e-06],
[8.04014549e-01,1.92569114e-01,3.40939871e-03,3.44539857e-13
,6.93863443e-06],
[6.37305827e-01,3.61107002e-01,1.58448158e-03,2.41084371e-14
,2.68904451e-06],
[6.48722449e-01,3.49022659e-01,2.24999267e-03,9.35054611e-14
,4.89898964e-06],
[8.17276879e-01,1.79206931e-01,3.50914869e-03,3.80748852e-13
,7.04122250e-06],
[1.55754173e-02,9.84413207e-01,1.13519337e-05,5.30538320e-19
,2.36948636e-08],
[4.75072607e-01,5.24004085e-01,9.21644826e-04,6.54916958e-15
,1.66357593e-06],
[5.02791701e-05,9.99949714e-01,6.89935970e-09,2.06376021e-24
,6.30916392e-11],
[7.68892917e-01,2.28004682e-01,3.09602507e-03,2.41835305e-13
,6.37631904e-06],
[8.02290281e-01,1.94309943e-01,3.39289322e-03,3.34276880e-13
,6.88243497e-06],
[7.53793732e-05,9.99924619e-01,1.82006980e-09,2.57332086e-24
,9.83437752e-11],
[1.10853757e-02,9.88905253e-01,9.34077102e-06,1.27484302e-18
,3.08744971e-08],
[5.19246639e-01,4.79694692e-01,1.05692735e-03,7.27302253e-15
,1.74172861e-06],
[2.82992823e-01,7.16332114e-01,6.73479083e-04,4.36695677e-15
,1.58464857e-06],
[1.56780866e-02,9.84304554e-01,1.73098849e-05,2.72474519e-18
,4.98289480e-08],
[2.21581912e-01,7.77987261e-01,4.29086164e-04,7.15593115e-15
,1.74086262e-06],
[9.21047783e-04,9.99078414e-01,5.36167301e-07,4.30592039e-21
,2.08945613e-09],
[2.12139948e-05,9.99978784e-01,1.94861683e-09,2.42411756e-26
,5.54335478e-12],
[4.34250324e-06,9.99995657e-01,7.73106355e-13,6.72533275e-32
,5.88279274e-14],
[7.17820465e-02,9.28184635e-01,3.32825263e-05,1.10559828e-18
,3.56198276e-08],
[2.44901225e-01,7.54521450e-01,5.75936596e-04,3.08355576e-15
,1.38836114e-06],
[5.41860327e-01,4.56407964e-01,1.72789486e-03,4.12771945e-14
,3.81377910e-06],
[4.91777608e-01,5.06766518e-01,1.45214197e-03,4.19300720e-14
,3.73119308e-06],
[9.99413703e-04,9.99000320e-01,2.64274326e-07,3.42701154e-21
,2.25562662e-09],
[1.36930828e-04,9.99863014e-01,5.49313809e-08,6.48285101e-23
,2.54510874e-10],
[1.21295352e-05,9.99987869e-01,1.93419551e-09,4.09156429e-25
,1.56309279e-11],
[7.07162838e-01,2.90314914e-01,2.51642354e-03,1.64466924e-13
,5.82386305e-06],
[8.04452522e-01,1.92159835e-01,3.38083065e-03,3.30804925e-13
,6.81211340e-06],
[8.26452419e-04,9.99173064e-01,4.81463666e-07,3.06509838e-21
,1.82735346e-09],
[2.28356022e-05,9.99977162e-01,2.77340560e-09,4.49165434e-26
,7.97586983e-12],
[1.36722438e-02,9.86312562e-01,1.51504581e-05,1.96431035e-18
,4.32881974e-08],
[7.81682420e-01,2.15216973e-01,3.09443711e-03,2.38659736e-13
,6.16937023e-06],
[1.32665959e-04,9.99867285e-01,4.92975382e-08,3.71245880e-23
,2.02728753e-10],
[7.03821613e-05,9.99929594e-01,2.37107722e-08,2.19197738e-23
,1.35805805e-10],
[2.95372990e-03,9.97044706e-01,1.55796077e-06,2.61392191e-20
,5.86447928e-09],
[1.92920051e-01,8.06712855e-01,3.66207291e-04,1.25128250e-15
,8.86833273e-07],
[4.04296165e-03,9.95955132e-01,1.89443707e-06,4.10311409e-19
,1.18265706e-08],
[7.24676204e-01,2.72583630e-01,2.73444767e-03,1.62591167e-13
,5.71867812e-06],
[7.76499307e-01,2.20621943e-01,2.87319825e-03,1.84884498e-13
,5.55216055e-06],
[6.87022981e-01,3.10485481e-01,2.48544854e-03,1.89410031e-13
,6.08960398e-06],
[4.29803327e-06,9.99995702e-01,1.86640811e-10,7.14222331e-29
,3.71141457e-13],
[3.84552947e-02,9.61517572e-01,2.70879797e-05,1.91738541e-18
,4.49520912e-08],
[1.34423831e-06,9.99998656e-01,1.64241003e-10,1.79660563e-26
,2.66297893e-12],
[5.78864023e-01,4.19767789e-01,1.36582752e-03,1.58208551e-14
,2.36120651e-06],
[2.03894135e-06,9.99997961e-01,6.31922331e-11,8.56142518e-30
,1.26783130e-13],
[8.30481657e-03,9.91686569e-01,8.58839379e-06,7.22093425e-19
,2.63681241e-08],
[3.82210766e-01,6.17037748e-01,7.50095996e-04,3.59601316e-15
,1.38963910e-06],
[7.00757585e-03,9.92986101e-01,6.26759375e-06,1.07296689e-17
,5.50909699e-08],
[7.98767572e-01,1.97986088e-01,3.23942249e-03,3.32576181e-13
,6.91803585e-06],
[1.34841825e-04,9.99865110e-01,4.71455775e-08,1.30604610e-21
,6.15724393e-10],
[9.45467222e-03,9.90536364e-01,8.87606462e-06,3.17938311e-17
,8.74654047e-08],
[2.98238019e-01,7.01029302e-01,7.30957109e-04,5.13214728e-15
,1.72250659e-06],
[2.42200733e-01,7.57247493e-01,5.49989827e-04,7.28129270e-15
,1.78359266e-06],
[5.07520487e-01,4.90954691e-01,1.52027248e-03,7.69712010e-14
,4.55000316e-06],
[4.40339808e-01,5.58667148e-01,9.90986601e-04,8.76598242e-15
,2.05744546e-06],
[6.64241941e-01,3.33452390e-01,2.30052492e-03,1.13183984e-13
,5.14414940e-06],
[1.16407023e-01,8.83391611e-01,2.00877010e-04,3.18271697e-16
,4.88986667e-07],
[6.26520252e-01,3.71344875e-01,2.12963692e-03,1.13204027e-13
,5.23654292e-06],
[2.40367265e-05,9.99975962e-01,9.78494872e-10,2.15736691e-27
,1.72756552e-12],
[4.72689684e-01,5.26470513e-01,8.38494221e-04,3.61503068e-15
,1.30888197e-06],
[1.76669793e-04,9.99823275e-01,5.54319431e-08,2.74461539e-23
,1.82652989e-10],
[3.68728408e-02,9.63075464e-01,5.15575150e-05,2.13721395e-17
,1.37808106e-07],
[3.25513457e-01,6.74046360e-01,4.39476609e-04,7.60832771e-16
,7.06969131e-07],
[1.24228110e-08,9.99999988e-01,2.50986773e-15,1.78032085e-34
,2.35661828e-15],
[1.01017628e-06,9.99998990e-01,3.61220469e-11,1.06418690e-29
,1.19710933e-13],
[4.63337699e-04,9.99536423e-01,2.38343061e-07,6.60791599e-22
,8.65502856e-10],
[6.54081615e-03,9.93452747e-01,6.41735148e-06,4.00707434e-19
,1.98887873e-08],
[8.01946843e-01,1.94728581e-01,3.31782063e-03,3.26278836e-13
,6.75571540e-06],
[5.82476752e-01,4.15767423e-01,1.75220860e-03,4.05204601e-14
,3.61730962e-06],
[7.86488034e-01,2.10405941e-01,3.09977591e-03,2.56057254e-13
,6.24964727e-06],
[2.31339578e-01,7.68422281e-01,2.37816251e-04,1.33266479e-16
,3.24242110e-07],
[4.66351838e-04,9.99533396e-01,2.50809312e-07,7.71854667e-22
,9.28817927e-10],
[7.97416471e-01,1.99280740e-01,3.29605226e-03,3.13286254e-13
,6.73713976e-06],
[6.22784945e-01,3.75095569e-01,2.11483504e-03,7.80203555e-14
,4.65046801e-06],
[2.15648784e-05,9.99978434e-01,7.65001609e-10,4.34022082e-27
,1.94248733e-12],
[2.61178834e-02,9.73849944e-01,3.19339929e-05,2.00704142e-16
,2.38906994e-07],
[2.26515483e-04,9.99773416e-01,6.86468070e-08,3.13405189e-23
,2.01506705e-10],
[4.95898425e-05,9.99950395e-01,1.54330693e-08,9.40480975e-24
,9.02434287e-11],
[2.27755735e-05,9.99977219e-01,5.50562741e-09,2.99660190e-24
,4.55772439e-11],
[1.25740972e-01,8.74010094e-01,2.48306819e-04,5.25595867e-16
,6.27278292e-07],
[1.44856052e-01,8.54871853e-01,2.70847879e-04,4.48215527e-15
,1.24674494e-06],
[1.30995315e-04,9.99868959e-01,4.50447546e-08,3.64106127e-23
,1.92862729e-10],
[1.17520852e-03,9.98824747e-01,4.40931139e-08,1.74858593e-23
,2.09593859e-10],
[3.62575313e-01,6.36446176e-01,9.76224989e-04,1.04140089e-14
,2.28595228e-06],
[7.60862501e-01,2.36301832e-01,2.83009847e-03,1.75136617e-13
,5.56906539e-06],
[5.26494124e-01,4.72083953e-01,1.41846977e-03,3.93435519e-14
,3.45350734e-06],
[6.23002673e-01,3.75369575e-01,1.62376149e-03,4.76302539e-14
,3.98988642e-06],
[8.38764809e-02,9.16084226e-01,3.92528250e-05,1.45476442e-18
,4.06440399e-08],
[1.99544675e-03,9.98004245e-01,3.07827417e-07,7.71416180e-23
,3.48379444e-10],
[4.47993788e-01,5.50913601e-01,1.09024846e-03,1.19383952e-14
,2.36281819e-06],
[3.47411326e-01,6.51700953e-01,8.84571824e-04,3.14399300e-14
,3.14921672e-06],
[3.48434303e-01,6.50797971e-01,7.66126507e-04,4.78722226e-15
,1.59885861e-06],
[3.98487897e-03,9.96011685e-01,3.42483636e-06,1.26315288e-19
,1.11391962e-08],
[7.52931090e-03,9.92464300e-01,6.32626049e-06,1.69984932e-17
,6.30200989e-08],
[6.43094620e-07,9.99999357e-01,1.05253410e-11,3.84832112e-28
,6.88249523e-13],
[8.15488663e-01,1.81123437e-01,3.38086908e-03,3.65697712e-13
,7.03074462e-06],
[1.23008603e-01,8.76754280e-01,2.36503573e-04,5.13727978e-16
,6.13060146e-07],
[2.09405922e-02,9.79033921e-01,2.54158664e-05,5.52723609e-18
,7.11423405e-08],
[5.62947332e-01,4.36079809e-01,9.70595570e-04,1.11805704e-14
,2.26268478e-06],
[5.12269980e-01,4.86227879e-01,1.49865991e-03,3.07270206e-14
,3.48051078e-06],
[2.12360639e-04,9.99787621e-01,1.81053326e-08,8.33627661e-24
,6.61426212e-11],
[1.05065369e-01,8.94748971e-01,1.85174814e-04,3.22652107e-16
,4.84795780e-07],
[2.20628412e-02,9.77919578e-01,1.74408983e-05,3.67618929e-17
,1.39519910e-07],
[4.49156125e-01,5.49527572e-01,1.31327261e-03,2.17807398e-14
,3.03057358e-06],
[8.90864985e-03,9.91082340e-01,8.98319307e-06,7.16463926e-19
,2.64951970e-08],
[3.17107545e-01,6.82103180e-01,7.87437864e-04,6.19794154e-15
,1.83663516e-06],
[5.64104091e-01,4.34797323e-01,1.09574923e-03,1.81378344e-14
,2.83599639e-06],
[1.57357560e-06,9.99998426e-01,5.16432038e-12,5.96590496e-30
,3.23192684e-13],
[5.46234732e-01,4.52036225e-01,1.72518526e-03,4.25988310e-14
,3.85700595e-06],
[1.73509065e-02,9.82630849e-01,1.81293923e-05,3.80622325e-17
,1.15518810e-07],
[6.22538206e-05,9.99937732e-01,1.45750357e-08,2.08039812e-24
,5.10325877e-11],
[3.80333810e-05,9.99961967e-01,8.82647464e-11,5.33598383e-29
,9.08312908e-13],
[2.38054054e-04,9.99761839e-01,1.06403675e-07,1.83281702e-22
,4.39417382e-10],
[3.33803312e-06,9.99996662e-01,1.22003921e-10,2.03346138e-29
,2.09324117e-13],
[3.72808724e-02,9.62708435e-01,1.06826131e-05,6.74695087e-20
,9.53135746e-09],
[6.50874366e-06,9.99993490e-01,1.10900877e-09,2.14263471e-25
,1.18264024e-11],
[7.69783881e-01,2.27118414e-01,3.09105568e-03,2.79394203e-13
,6.64870263e-06],
[6.53332677e-01,3.44408487e-01,2.25402440e-03,9.00355886e-14
,4.81111919e-06],
[5.84555288e-01,4.13527819e-01,1.91276073e-03,5.35744118e-14
,4.13215316e-06],
[1.61278553e-02,9.83853810e-01,1.82827741e-05,2.81233314e-18
,5.14443839e-08],
[5.08745148e-08,9.99999949e-01,6.79064797e-13,1.15149349e-32
,3.43341276e-15],
[3.78586360e-01,6.20807732e-01,6.04814546e-04,2.34037884e-15
,1.09348621e-06],
[1.68337768e-05,9.99983166e-01,2.71759614e-12,8.12379213e-31
,2.58804107e-13],
[8.09643806e-01,1.86899024e-01,3.45013236e-03,3.67815222e-13
,7.03807597e-06],
[1.10722543e-04,9.99889241e-01,3.61126585e-08,2.10172584e-23
,1.49944573e-10],
[1.74164825e-03,9.98257249e-01,1.09003062e-06,6.08451704e-19
,1.23034503e-08],
[7.73906827e-01,2.23067945e-01,3.01906146e-03,2.35589270e-13
,6.16605839e-06],
[4.31176366e-01,5.67582857e-01,1.23794991e-03,1.79978790e-14
,2.82730311e-06],
[3.86161171e-01,6.13236711e-01,6.01146851e-04,1.71685201e-15
,9.70910267e-07],
[1.94275812e-03,9.98056376e-01,8.63975701e-07,3.42383999e-21
,2.03025656e-09],
[1.67085387e-02,9.83288487e-01,2.97239088e-06,3.36284874e-21
,2.28157775e-09],
[2.04850434e-02,9.79510816e-01,4.13737681e-06,7.31245670e-21
,3.30882579e-09],
[3.20755884e-04,9.99679085e-01,1.58451621e-07,3.19974154e-22
,6.02484924e-10],
[7.21651075e-01,2.75933443e-01,2.41013528e-03,1.31745133e-13
,5.34628902e-06],
[5.61170383e-01,4.37012517e-01,1.81310279e-03,4.79128325e-14
,3.99801318e-06],
[6.02239059e-04,9.99397417e-01,3.43112341e-07,1.37936987e-21
,1.23908813e-09],
[1.86371601e-01,8.13236506e-01,3.90804906e-04,2.05870454e-15
,1.08856246e-06],
[8.75348192e-03,9.91237296e-01,9.19446341e-06,8.02328763e-19
,2.79025663e-08],
[1.91260913e-02,9.80853793e-01,2.00589235e-05,3.73413625e-18
,5.66883818e-08],
[3.47841153e-03,9.96520826e-01,7.60040996e-07,5.96139824e-21
,1.96248435e-09],
[6.26666270e-01,3.71213883e-01,2.11432681e-03,1.35944616e-13
,5.52004616e-06],
[3.02593809e-04,9.99697300e-01,1.05765329e-07,8.39223595e-23
,3.22068344e-10],
[2.85713665e-01,7.13605033e-01,6.78731907e-04,1.98557541e-14
,2.57040490e-06],
[1.15483561e-02,9.88449785e-01,1.85747946e-06,1.35615219e-21
,1.46011563e-09],
[1.86438739e-05,9.99981355e-01,8.57080124e-10,6.64747105e-28
,1.17392967e-12],
[7.30065360e-01,2.67255154e-01,2.67408075e-03,1.45731783e-13
,5.40536333e-06],
[1.56333516e-01,8.43362917e-01,3.02154825e-04,5.77032446e-15
,1.41207854e-06],
[3.59356211e-01,6.39716451e-01,9.24917993e-04,1.34322739e-14
,2.41984007e-06],
[8.73547720e-03,9.91256318e-01,8.12424203e-06,2.70283040e-17
,8.04041743e-08],
[7.43973066e-01,2.53114840e-01,2.90605594e-03,1.94925844e-13
,6.03782323e-06],
[8.62723758e-02,9.13645637e-01,8.18393460e-05,2.54572492e-17
,1.48199181e-07],
[5.05571146e-01,4.92895237e-01,1.52983632e-03,4.23867868e-14
,3.78108576e-06],
[9.81266187e-02,9.01703839e-01,1.68661781e-04,2.28445006e-15
,8.80312242e-07],
[7.88045088e-01,2.08894589e-01,3.05437158e-03,2.27428829e-13
,5.95103106e-06],
[1.24949556e-01,8.74816483e-01,2.33088646e-04,1.61040451e-15
,8.71619870e-07],
[4.88599563e-01,5.09945128e-01,1.45200409e-03,2.78740772e-14
,3.30499618e-06],
[1.29904766e-05,9.99987009e-01,7.92849287e-10,1.47907288e-27
,1.73070599e-12],
[1.94240549e-04,9.99805696e-01,6.31334283e-08,7.48329578e-22
,6.35988932e-10],
[1.78426939e-02,9.82139236e-01,1.79350925e-05,6.49538927e-17
,1.35285094e-07],
[5.84522292e-01,4.13570537e-01,1.90221863e-03,9.55861593e-14
,4.95216920e-06],
[2.54955731e-04,9.99744936e-01,1.08209412e-07,1.24881687e-22
,3.85753463e-10],
[5.35430695e-01,4.62876237e-01,1.68932751e-03,3.88808880e-14
,3.74042609e-06],
[1.51625552e-01,8.48069107e-01,3.04596748e-04,7.66060952e-16
,7.44051352e-07],
[6.34196734e-07,9.99999366e-01,1.45666890e-11,2.17948677e-28
,6.17543834e-13],
[8.81755789e-05,9.99911793e-01,3.13108015e-08,4.42166146e-23
,1.86268522e-10],
[5.09358429e-07,9.99999491e-01,6.04424930e-12,4.65676860e-32
,1.20981084e-14],
[9.25479838e-02,9.07285861e-01,1.65717361e-04,2.51641993e-16
,4.37937631e-07],
[6.34970292e-01,3.62892599e-01,2.13220523e-03,9.60991809e-14
,4.90355635e-06],
[4.39621230e-01,5.59448588e-01,9.27413766e-04,1.50984434e-14
,2.76857947e-06],
[5.69511900e-01,4.28638315e-01,1.84535425e-03,6.65178432e-14
,4.43080463e-06],
[6.54007344e-01,3.44030595e-01,1.95798189e-03,6.79287175e-14
,4.07917440e-06],
[2.19253877e-06,9.99997807e-01,3.18178350e-10,3.72404742e-26
,4.23120269e-12],
[7.87824643e-04,9.99211743e-01,4.28358422e-07,3.87229855e-20
,3.78663402e-09],
[7.90838723e-01,2.05977227e-01,3.17771569e-03,2.64198470e-13
,6.33429355e-06],
[1.79734364e-05,9.99982024e-01,2.75144492e-09,5.68443796e-25
,1.90047975e-11],
[2.72974954e-03,9.97268146e-01,2.09719956e-06,4.80622654e-20
,7.13283853e-09],
[3.48006115e-01,6.51087952e-01,9.03824432e-04,8.40903339e-15
,2.10820476e-06],
[1.47411060e-04,9.99852534e-01,5.40382683e-08,1.81071679e-21
,7.17372512e-10],
[6.46955999e-04,9.99352675e-01,3.67769225e-07,1.62331748e-21
,1.33968550e-09],
[3.92530488e-01,6.06922407e-01,5.46300953e-04,1.10695009e-15
,8.04875822e-07],
[9.17380367e-02,9.08114651e-01,1.46841811e-04,3.58172814e-16
,4.70582443e-07],
[5.55251840e-06,9.99994446e-01,9.65941476e-10,7.47899156e-25
,1.58088747e-11],
[5.63412595e-03,9.94361162e-01,4.69693218e-06,2.45907925e-19
,1.49577743e-08],
[2.99121863e-05,9.99970085e-01,3.06691053e-09,2.65822138e-26
,6.65988279e-12],
[3.15820306e-02,9.68373694e-01,4.41394868e-05,2.34895395e-17
,1.36162467e-07],
[3.02638962e-06,9.99996973e-01,4.75757679e-10,7.02610211e-26
,5.92476875e-12],
[4.27194675e-01,5.71580735e-01,1.22177971e-03,1.76602716e-14
,2.81047579e-06],
[2.65174488e-06,9.99997348e-01,9.02921390e-11,1.11668162e-29
,1.56749007e-13],
[6.35957708e-02,9.36331652e-01,7.24280265e-05,2.43577257e-17
,1.48920933e-07],
[7.16993388e-01,2.80386486e-01,2.61477654e-03,1.36103384e-13
,5.35007893e-06],
[2.67850753e-01,7.31519282e-01,6.27730244e-04,1.34437238e-14
,2.23484065e-06],
[8.32027517e-04,9.99167615e-01,3.55839320e-07,1.41444124e-21
,1.22418627e-09],
[7.62604957e-01,2.34382597e-01,3.00619901e-03,2.26208219e-13
,6.24691275e-06],
[6.58472953e-06,9.99993415e-01,7.71813620e-11,4.36769515e-28
,1.90287969e-12],
[1.17384062e-01,8.82397355e-01,2.17739928e-04,1.54659954e-15
,8.43249655e-07],
[1.97883333e-02,9.80190014e-01,2.15968923e-05,3.26961198e-18
,5.60002069e-08],
[2.26403135e-03,9.97734393e-01,1.56599430e-06,1.84757621e-19
,9.56394350e-09],
[6.04787658e-03,9.93951306e-01,8.16993017e-07,2.56606376e-22
,6.52379007e-10],
[6.21934723e-01,3.75983557e-01,2.07638411e-03,1.23229081e-13
,5.33569043e-06],
[7.04346626e-01,2.93145083e-01,2.50319071e-03,1.17571537e-13
,5.10089289e-06],
[6.11858181e-04,9.99387813e-01,3.27782170e-07,1.79160671e-21
,1.34016277e-09],
[9.37499308e-02,9.06211315e-01,3.86928590e-05,2.72521269e-18
,6.08856502e-08],
[4.89877731e-05,9.99951003e-01,8.90427114e-09,6.44278551e-25
,2.86973122e-11],
[6.47225791e-03,9.93524737e-01,2.99913751e-06,2.58474202e-20
,5.55826484e-09],
[4.92203599e-08,9.99999951e-01,6.86005298e-15,6.79632930e-36
,6.73499052e-16],
[1.85728362e-02,9.81422007e-01,5.14838798e-06,5.35680933e-20
,8.07284189e-09],
[3.38450524e-07,9.99999662e-01,5.77392700e-12,9.29969329e-32
,1.30633155e-14],
[6.78608064e-09,9.99999993e-01,1.60618176e-15,1.32318474e-34
,1.61664181e-15],
[6.21367612e-01,3.77109265e-01,1.52049609e-03,2.22946562e-14
,2.62632358e-06],
[5.46398375e-01,4.51926782e-01,1.67111108e-03,4.15270184e-14
,3.73164869e-06],
[2.79574293e-02,9.72009116e-01,3.32206313e-05,1.68526743e-16
,2.33728673e-07],
[3.61230957e-07,9.99999639e-01,9.39257811e-12,1.96504833e-28
,4.47144021e-13],
[1.65870737e-05,9.99983409e-01,3.90436531e-09,1.58814582e-24
,3.22439831e-11],
[3.66108455e-01,6.33171238e-01,7.18587222e-04,7.13608418e-15
,1.72006126e-06],
[8.00995529e-01,1.95671198e-01,3.32658818e-03,3.12146723e-13
,6.68488835e-06],
[1.74879621e-05,9.99982508e-01,4.20881941e-09,1.44589018e-24
,3.21512648e-11],
[6.19717076e-04,9.99380040e-01,2.41999072e-07,2.17217794e-21
,1.18304991e-09],
[4.14545831e-01,5.84748924e-01,7.04117042e-04,2.39438001e-15
,1.12812376e-06],
[6.90708591e-01,3.06804424e-01,2.48103744e-03,1.79855661e-13
,5.94745407e-06],
[8.14697877e-01,1.81856685e-01,3.43859664e-03,3.52484804e-13
,6.84159593e-06],
[1.93339930e-02,9.80642052e-01,2.38873639e-05,5.00282410e-18
,6.80445727e-08],
[2.56123495e-01,7.43292645e-01,5.81764445e-04,1.18122206e-14
,2.09555738e-06],
[3.94560040e-04,9.99605236e-01,2.03468889e-07,4.99320668e-22
,7.53522868e-10],
[6.21394042e-04,9.99378247e-01,3.57657318e-07,1.52201693e-21
,1.29704725e-09],
[2.17348117e-01,7.82262582e-01,3.88462946e-04,1.08082194e-15
,8.37897571e-07],
[4.95774141e-01,5.02760457e-01,1.46205014e-03,3.00605421e-14
,3.35159616e-06],
[8.13349942e-01,1.83162494e-01,3.48053510e-03,3.72140010e-13
,7.02845968e-06],
[3.54438094e-05,9.99964550e-01,6.33512114e-09,3.01768311e-24
,5.82190537e-11],
[4.57755537e-01,5.40991129e-01,1.25064585e-03,1.67439871e-14
,2.68790182e-06],
[1.84768527e-01,8.14827844e-01,4.02590139e-04,1.67999951e-15
,1.03914275e-06],
[1.55197140e-01,8.44518051e-01,2.84026983e-04,7.81314997e-16
,7.82122289e-07],
[1.87106869e-06,9.99998129e-01,2.55586664e-10,4.45192309e-26
,4.14675236e-12],
[6.04588373e-01,3.93379217e-01,2.02769752e-03,8.03626325e-14
,4.71230425e-06],
[1.34813639e-02,9.86511479e-01,7.13858587e-06,3.63977165e-19
,1.87740830e-08],
[5.92255465e-01,4.05783880e-01,1.95638523e-03,5.92748067e-14
,4.26924461e-06],
[3.67317482e-03,9.96326675e-01,1.50206388e-07,4.09778851e-23
,3.77614325e-10],
[7.75793488e-01,2.21062814e-01,3.13689457e-03,3.05009990e-13
,6.80411792e-06],
[8.93342703e-05,9.99910635e-01,3.10142433e-08,3.06048157e-23
,1.68653041e-10],
[7.73691229e-01,2.23351088e-01,2.95136525e-03,2.33427759e-13
,6.31845283e-06],
[5.26781978e-03,9.94731373e-01,8.06969861e-07,3.30407031e-22
,7.26810296e-10],
[5.16903380e-01,4.81487626e-01,1.60543360e-03,3.38277281e-14
,3.56058484e-06],
[1.32163206e-01,8.67580709e-01,2.55408931e-04,6.63332904e-16
,6.75563230e-07],
[4.57732950e-01,5.41299035e-01,9.66006126e-04,1.03163486e-14
,2.00880285e-06],
[1.09577959e-05,9.99989042e-01,3.37180024e-10,1.47759045e-27
,1.05342595e-12],
[3.29545607e-05,9.99967042e-01,3.66396646e-09,4.12744395e-26
,8.22511155e-12],
[1.58439399e-02,9.84144305e-01,1.16948380e-05,9.55739605e-18
,6.04799763e-08],
[7.14233873e-01,2.83088378e-01,2.67219079e-03,1.45792986e-13
,5.55818218e-06],
[3.42156715e-01,6.57022032e-01,8.19465106e-04,5.87869263e-15
,1.78723717e-06],
[4.63244257e-03,9.95367534e-01,2.12388165e-08,1.68909665e-22
,2.33987539e-09],
[4.72450237e-01,5.26368525e-01,1.17841590e-03,1.75211873e-14
,2.82211519e-06],
[4.78825595e-02,9.52092986e-01,2.44157352e-05,1.75124407e-18
,3.90939665e-08],
[4.36806371e-04,9.99562963e-01,2.29521824e-07,6.25361282e-22
,8.41789782e-10],
[2.10035333e-02,9.78975914e-01,2.04196665e-05,5.63288737e-17
,1.33015625e-07],
[1.58005919e-01,8.41790235e-01,2.03467986e-04,1.86772998e-16
,3.78276857e-07],
[4.35656687e-01,5.63360808e-01,9.80516864e-04,8.92502007e-15
,1.98877817e-06],
[3.96249047e-01,6.02785963e-01,9.62945594e-04,8.41765712e-15
,2.04402168e-06],
[5.95447233e-01,4.02556964e-01,1.99148804e-03,6.03296272e-14
,4.31444720e-06],
[6.27878541e-03,9.93716882e-01,4.29528995e-06,5.25375964e-18
,3.75273321e-08],
[4.80111234e-05,9.99951974e-01,1.46764967e-08,1.48092652e-23
,1.02078228e-10],
[2.61343658e-02,9.73831775e-01,3.37575640e-05,1.18421305e-17
,1.01815825e-07],
[5.01516971e-01,4.97338637e-01,1.14200671e-03,1.59456160e-14
,2.38476439e-06],
[1.52954685e-01,8.46737499e-01,3.07067018e-04,7.77835769e-16
,7.48811822e-07],
[7.15990821e-01,2.81711993e-01,2.29287790e-03,8.51915271e-14
,4.30776036e-06],
[5.86260594e-02,9.41354995e-01,1.89210854e-05,4.33579022e-19
,2.48644880e-08],
[1.64703388e-01,8.34954104e-01,3.41517822e-04,1.68975799e-15
,9.91104824e-07],
[6.75473698e-04,9.99324473e-01,5.33189353e-08,2.06070211e-24
,5.76838353e-11],
[9.27389623e-02,9.07169987e-01,9.08190788e-05,8.92602561e-17
,2.31364300e-07],
[1.81938876e-05,9.99981802e-01,4.38458996e-09,1.87526113e-24
,3.53080135e-11],
[4.62983454e-02,9.53633838e-01,6.76364538e-05,3.74107947e-17
,1.80351445e-07],
[6.07243066e-03,9.93921910e-01,5.64237270e-06,2.92037377e-19
,1.70862548e-08],
[1.78470741e-03,9.98214058e-01,1.22967322e-06,2.75902360e-20
,4.85663379e-09],
[7.73138002e-01,2.23740083e-01,3.11519708e-03,2.91300103e-13
,6.71803752e-06],
[1.10409400e-03,9.98895192e-01,7.11694915e-07,8.21797855e-21
,2.78450957e-09],
[8.21482384e-01,1.74931962e-01,3.57844759e-03,4.10007791e-13
,7.20613696e-06],
[7.76934260e-01,2.19897869e-01,3.16115428e-03,2.91318849e-13
,6.71603168e-06],
[7.30642403e-01,2.67011247e-01,2.34205365e-03,8.85409485e-14
,4.29644764e-06],
[5.73064139e-01,4.25639973e-01,1.29367781e-03,1.37276608e-14
,2.21015433e-06],
[3.64233347e-01,6.34796407e-01,9.68037010e-04,9.54134982e-15
,2.20828372e-06],
[3.20959278e-02,9.67858554e-01,4.53901036e-05,1.87546723e-17
,1.28061076e-07],
[2.28709867e-02,9.77099963e-01,2.89691719e-05,7.21950928e-18
,8.11916190e-08],
[7.83295457e-01,2.13474068e-01,3.22382168e-03,2.85793496e-13
,6.65273247e-06],
[2.76281704e-03,9.97235055e-01,2.11674502e-06,2.33254473e-19
,1.14918340e-08],
[7.78210043e-01,2.18657112e-01,3.12650516e-03,2.49510194e-13
,6.33918793e-06],
[8.04991114e-01,1.91611882e-01,3.39003636e-03,3.54818991e-13
,6.96719067e-06],
[1.69207649e-01,8.30431287e-01,3.60163294e-04,1.17832525e-15
,9.00567605e-07],
[5.99848814e-02,9.39918279e-01,9.65217688e-05,1.55252724e-16
,3.17975999e-07],
[8.23627568e-01,1.72765289e-01,3.59990587e-03,4.18669378e-13
,7.23691370e-06],
[8.22677870e-01,1.73727146e-01,3.58777144e-03,4.13436442e-13
,7.21293319e-06],
[5.61917115e-01,4.36669623e-01,1.41066978e-03,1.87054319e-14
,2.59200100e-06],
[8.23183898e-01,1.73212965e-01,3.59590731e-03,4.16662618e-13
,7.22993346e-06],
[7.89944379e-01,2.07005292e-01,3.04443571e-03,2.24706741e-13
,5.89325416e-06],
[7.89478287e-01,2.07258461e-01,3.25633510e-03,3.31291063e-13
,6.91626769e-06],
[1.69420826e-01,8.30232018e-01,3.45799968e-04,4.54431719e-15
,1.35577212e-06],
[9.75906103e-02,9.02229298e-01,1.79628017e-04,2.76055464e-16
,4.63625786e-07],
[8.21582444e-01,1.74834163e-01,3.57619068e-03,4.10110014e-13
,7.20253471e-06],
[8.20998609e-01,1.75423410e-01,3.57077863e-03,4.09191877e-13
,7.20243045e-06],
[7.81683569e-01,2.15109092e-01,3.20058882e-03,2.99429276e-13
,6.75044899e-06],
[7.89091811e-01,2.07651779e-01,3.24980823e-03,2.86399432e-13
,6.60088729e-06],
[4.53388963e-03,9.95464701e-01,1.40752671e-06,3.44272610e-21
,2.13705077e-09],
[8.23563293e-01,1.72829693e-01,3.59977750e-03,4.18349346e-13
,7.23621596e-06],
[8.10396092e-01,1.86138726e-01,3.45808085e-03,3.79794413e-13
,7.10160025e-06],
[2.35415865e-01,7.64053485e-01,5.28711648e-04,9.83366826e-15
,1.93874020e-06],
[8.19257178e-01,1.77181116e-01,3.55453507e-03,4.01037510e-13
,7.17102647e-06],
[8.16260563e-01,1.80234011e-01,3.49840967e-03,3.75502497e-13
,7.01674560e-06],
[8.23821057e-01,1.72569162e-01,3.60253914e-03,4.19590209e-13
,7.24111648e-06],
[8.22669482e-01,1.73733315e-01,3.58997450e-03,4.15654975e-13
,7.22772734e-06],
[8.17465321e-01,1.78995713e-01,3.53183919e-03,3.91880229e-13
,7.12679567e-06],
[6.49094971e-01,3.48611870e-01,2.28827267e-03,9.03680838e-14
,4.88627398e-06],
[8.16189521e-01,1.80309978e-01,3.49348312e-03,3.76456673e-13
,7.01852968e-06],
[7.00731877e-01,2.96652543e-01,2.61008984e-03,1.35659120e-13
,5.49050098e-06],
[5.46989066e-02,9.45220254e-01,8.03322614e-05,8.42175756e-16
,5.07463964e-07],
[7.92075417e-01,2.04616906e-01,3.30094548e-03,3.03001951e-13
,6.73076003e-06],
[3.16278618e-02,9.68340857e-01,3.11579006e-05,3.04316326e-17
,1.23007050e-07],
[2.97693632e-04,9.99702161e-01,1.45067660e-07,2.62546719e-22
,5.49745131e-10],
[8.23652976e-01,1.72740001e-01,3.59978786e-03,4.18476830e-13
,7.23525234e-06],
[7.42932633e-01,2.54202496e-01,2.85848163e-03,2.37669293e-13
,6.38950400e-06],
[8.23714965e-01,1.72676646e-01,3.60114981e-03,4.19123837e-13
,7.23908320e-06],
[8.20465750e-01,1.75972587e-01,3.55452341e-03,3.99422925e-13
,7.13984965e-06],
[8.22153262e-01,1.74262469e-01,3.57708420e-03,4.08661595e-13
,7.18479448e-06],
[5.10004864e-01,4.88456072e-01,1.53454085e-03,7.52497981e-14
,4.52274967e-06],
[8.14036103e-01,1.82451210e-01,3.50561043e-03,3.77894376e-13
,7.07745959e-06],
[7.51425567e-03,9.92484527e-01,1.21633095e-06,6.88260944e-22
,1.04571803e-09],
[2.32913712e-01,7.66552408e-01,5.32358163e-04,4.50477650e-15
,1.52246766e-06],
[8.23692688e-01,1.72699957e-01,3.60011998e-03,4.18507617e-13
,7.23502526e-06],
[8.07288835e-01,1.89278855e-01,3.42531814e-03,3.58785636e-13
,6.99143583e-06],
[8.05078413e-01,1.91604477e-01,3.31054691e-03,3.06059361e-13
,6.56307023e-06],
[8.23048844e-01,1.73350691e-01,3.59323589e-03,4.16549094e-13
,7.22903131e-06],
[8.00992447e-01,1.95701765e-01,3.29908844e-03,3.18648416e-13
,6.70000304e-06],
[8.23781500e-01,1.72609349e-01,3.60191177e-03,4.19337858e-13
,7.23981223e-06],
[5.02901899e-02,9.49662854e-01,4.68614631e-05,9.88671182e-18
,9.44762058e-08],
[8.05489915e-01,1.91087406e-01,3.41562285e-03,3.66022212e-13
,7.05594847e-06],
[7.07980847e-01,2.89380356e-01,2.63271969e-03,1.91099140e-13
,6.07770704e-06],
[8.17898970e-01,1.78557765e-01,3.53614659e-03,3.90989089e-13
,7.11836334e-06],
[7.89907029e-01,2.06807594e-01,3.27858345e-03,3.10751767e-13
,6.79402453e-06],
[7.81526022e-01,2.15283600e-01,3.18389823e-03,2.65443619e-13
,6.48026447e-06],
[7.71370097e-01,2.25718522e-01,2.90562449e-03,1.98905453e-13
,5.75622732e-06],
[8.17101797e-01,1.79361830e-01,3.52926604e-03,3.87864171e-13
,7.10716741e-06],
[5.44272178e-06,9.99994557e-01,1.54293698e-10,2.78593845e-29
,2.32652628e-13],
[8.22788607e-01,1.73612118e-01,3.59205135e-03,4.14885611e-13
,7.22340948e-06],
[6.78801070e-01,3.18721560e-01,2.47213096e-03,1.14414787e-13
,5.23893439e-06],
[8.10267968e-01,1.86352721e-01,3.37262083e-03,3.27796821e-13
,6.68993645e-06],
[6.46716429e-01,3.51003980e-01,2.27472882e-03,8.88946273e-14
,4.86265163e-06],
[3.62996405e-04,9.99636818e-01,1.84905258e-07,4.26656541e-22
,6.95285280e-10],
[7.32055903e-01,2.65140727e-01,2.79688953e-03,2.41736595e-13
,6.48074817e-06],
[7.88733250e-01,2.07986443e-01,3.27362667e-03,2.93051410e-13
,6.68011727e-06],
[6.36889008e-01,3.60903938e-01,2.20207873e-03,9.62083562e-14
,4.97498005e-06],
[7.86896150e-01,2.09851768e-01,3.24528247e-03,3.10266239e-13
,6.79967229e-06],
[7.38859193e-01,2.58259719e-01,2.87510540e-03,1.87051114e-13
,5.98269304e-06],
[7.51115589e-01,2.46186740e-01,2.69245751e-03,1.45556830e-13
,5.21328481e-06],
[2.68637898e-01,7.30729269e-01,6.30590294e-04,1.35412728e-14
,2.24207117e-06],
[8.15093176e-01,1.81423322e-01,3.47650516e-03,3.72644320e-13
,6.99710646e-06],
[5.79418936e-01,4.18797572e-01,1.77886334e-03,8.45046383e-14
,4.62846194e-06],
[8.16477967e-01,1.79985881e-01,3.52902860e-03,3.88835528e-13
,7.12369975e-06],
[7.96569263e-01,2.00083111e-01,3.34083347e-03,3.15611900e-13
,6.79236666e-06],
[8.07509982e-01,1.89168893e-01,3.31458715e-03,3.07265679e-13
,6.53753988e-06],
[1.06004109e-01,8.93809834e-01,1.85100302e-04,2.74047392e-15
,9.57022110e-07],
[8.17957490e-01,1.78496887e-01,3.53844150e-03,4.01708384e-13
,7.18145220e-06],
[7.61250431e-01,2.35875828e-01,2.86779485e-03,2.10968543e-13
,5.94644302e-06],
[3.02559465e-01,6.97058259e-01,3.81687189e-04,5.45560715e-16
,5.88375211e-07],
[2.62038168e-03,9.97378206e-01,1.40918311e-06,1.08221748e-20
,3.52409691e-09],
[7.94583786e-01,2.02226920e-01,3.18299685e-03,2.65698012e-13
,6.29731665e-06],
[5.62285877e-04,9.99437585e-01,1.28901588e-07,4.51159881e-23
,2.52213724e-10],
[8.13227018e-01,1.83273983e-01,3.49185837e-03,3.88617332e-13
,7.14058575e-06],
[7.60420030e-01,2.36886860e-01,2.68799135e-03,1.45939601e-13
,5.11889542e-06],
[7.29911654e-01,2.67689408e-01,2.39447093e-03,9.60653245e-14
,4.46717355e-06],
[4.65370690e-01,5.33252444e-01,1.37353050e-03,2.91300199e-14
,3.33559094e-06],
[8.22523745e-01,1.73880277e-01,3.58874701e-03,4.15908254e-13
,7.23055878e-06],
[4.04924622e-01,5.93979059e-01,1.09268228e-03,4.38509249e-14
,3.63628318e-06],
[7.92914912e-01,2.03871509e-01,3.20703671e-03,2.92271259e-13
,6.54198569e-06],
[6.11996500e-01,3.85977049e-01,2.02110340e-03,1.24039242e-13
,5.34697625e-06],
[7.26285290e-01,2.70925636e-01,2.78326681e-03,1.67159202e-13
,5.80643752e-06],
[7.63967715e-01,2.32962295e-01,3.06360180e-03,2.40995816e-13
,6.38754696e-06],
[7.75388385e-01,2.21646817e-01,2.95884471e-03,2.20210387e-13
,5.95289697e-06],
[3.94452575e-04,9.99605380e-01,1.67348363e-07,2.56035279e-22
,5.49189358e-10],
[7.78607018e-01,2.18371174e-01,3.01568850e-03,2.37643171e-13
,6.11942584e-06],
[7.67098826e-01,2.29845458e-01,3.04948899e-03,2.28662450e-13
,6.22652130e-06],
[1.15539415e-02,9.88433129e-01,1.28901378e-05,1.64829984e-18
,3.91865256e-08],
[8.04216693e-01,1.92412215e-01,3.36432355e-03,3.26237430e-13
,6.76844095e-06],
[7.42525600e-01,2.54575221e-01,2.89300659e-03,2.08633399e-13
,6.17255765e-06],
[1.35613520e-03,9.98642958e-01,9.03468184e-07,8.56357704e-21
,3.03722250e-09],
[8.80931749e-04,9.99118519e-01,5.47166617e-07,3.39500310e-21
,1.92656962e-09],
[2.15752103e-01,7.84027972e-01,2.19621814e-04,1.14482092e-16
,3.03652194e-07],
[8.17899150e-01,1.78550501e-01,3.54320695e-03,3.93792709e-13
,7.14202117e-06],
[8.21860204e-01,1.74550830e-01,3.58174136e-03,4.13863977e-13
,7.22416573e-06],
[7.92344245e-01,2.04346613e-01,3.30239058e-03,3.06394236e-13
,6.75221545e-06],
[6.68884994e-03,9.93310229e-01,9.20735980e-07,3.17993394e-22
,7.25923152e-10],
[8.20823925e-01,1.75603022e-01,3.56586196e-03,4.07627973e-13
,7.19168522e-06],
[7.71919750e-01,2.24954166e-01,3.11944350e-03,2.78071657e-13
,6.64059212e-06],
[8.23786245e-01,1.72604340e-01,3.60217409e-03,4.19463724e-13
,7.24069087e-06],
[7.47622279e-01,2.49856678e-01,2.51634989e-03,1.14529828e-13
,4.69250691e-06],
[8.22614666e-01,1.73788854e-01,3.58926288e-03,4.13661266e-13
,7.21691721e-06],
[8.23322605e-01,1.73072677e-01,3.59748598e-03,4.17303858e-13
,7.23254317e-06],
[5.88027806e-03,9.94114140e-01,5.56410647e-06,3.09488390e-19
,1.74146599e-08],
[6.85245721e-01,3.12237324e-01,2.51163784e-03,1.20624465e-13
,5.31713068e-06],
[6.45509825e-01,3.52240722e-01,2.24436785e-03,1.03941445e-13
,5.08479566e-06],
[8.22014103e-01,1.74408916e-01,3.56981852e-03,4.05470000e-13
,7.16181883e-06],
[7.97928846e-01,1.98720095e-01,3.34411363e-03,3.41271684e-13
,6.94538843e-06],
[8.17440543e-01,1.79021887e-01,3.53045292e-03,3.90408470e-13
,7.11725595e-06],
[7.67580997e-01,2.29315582e-01,3.09704848e-03,2.40376609e-13
,6.37171446e-06],
[7.91092159e-01,2.05610721e-01,3.29033911e-03,3.09604875e-13
,6.78076928e-06],
[8.13392163e-01,1.83152047e-01,3.44888089e-03,3.58101830e-13
,6.90910438e-06],
[8.21370152e-01,1.75048850e-01,3.57379142e-03,4.10695524e-13
,7.20718495e-06],
[7.88787864e-01,2.07968517e-01,3.23683358e-03,3.13622708e-13
,6.78540034e-06],
[7.58089456e-01,2.39236084e-01,2.66940162e-03,1.40190236e-13
,5.05867397e-06],
[8.20689223e-01,1.75732741e-01,3.57084678e-03,4.05943165e-13
,7.18987220e-06],
[2.81465171e-04,9.99718399e-01,1.35320290e-07,2.34806547e-22
,5.18385057e-10],
[6.43234378e-01,3.54503517e-01,2.25727097e-03,8.69448733e-14
,4.83401252e-06],
[8.17463410e-01,1.78997706e-01,3.53171909e-03,3.98419128e-13
,7.16443526e-06],
[8.19072869e-01,1.77394350e-01,3.52571433e-03,3.87685007e-13
,7.06726055e-06],
[8.39231917e-04,9.99160250e-01,5.15919818e-07,3.20982007e-21
,1.85628959e-09],
[4.77170892e-01,5.21435506e-01,1.38937321e-03,6.29846990e-14
,4.22872191e-06],
[8.21916306e-01,1.74496419e-01,3.58007352e-03,4.10352860e-13
,7.20176718e-06],
[7.45275206e-01,2.51808019e-01,2.91074738e-03,1.94963500e-13
,6.02841337e-06],
[8.21614721e-01,1.74816173e-01,3.56196446e-03,4.02128513e-13
,7.14205467e-06],
[8.20844531e-01,1.75580625e-01,3.56764374e-03,4.08873366e-13
,7.20018112e-06],
[1.35029137e-01,8.64885768e-01,8.49991523e-05,9.19171414e-18
,9.58144309e-08],
[8.23025590e-01,1.73378534e-01,3.58866783e-03,4.13596318e-13
,7.20841604e-06],
[5.69988943e-01,4.28154106e-01,1.85290446e-03,4.98243271e-14
,4.04646459e-06],
[8.14916552e-01,1.81562350e-01,3.51400556e-03,3.81512216e-13
,7.09239620e-06],
[8.17638312e-01,1.78816376e-01,3.53818308e-03,3.91707258e-13
,7.12933476e-06],
[8.21465712e-01,1.74949700e-01,3.57739120e-03,4.08483735e-13
,7.19677711e-06],
[8.23268555e-01,1.73127826e-01,3.59638601e-03,4.17291735e-13
,7.23244168e-06],
[8.21216574e-01,1.75210456e-01,3.56579486e-03,4.05886833e-13
,7.17460001e-06],
[8.23457010e-01,1.72937711e-01,3.59804610e-03,4.17621008e-13
,7.23237105e-06],
[7.75229336e-01,2.21731036e-01,3.03347550e-03,2.34187143e-13
,6.15259402e-06],
[7.87345865e-01,2.09385988e-01,3.26148651e-03,2.89418203e-13
,6.66103369e-06],
[2.00838496e-01,7.98839151e-01,3.21400782e-04,2.02844035e-15
,9.52711917e-07],
[7.83660255e-01,2.13114908e-01,3.21827327e-03,2.75446801e-13
