# -*- coding: utf-8 -*-
#Total error: 0.000115996788273
#Total error: 0.000115409511543

a=[
[9.09894350e-01,2.14739805e-05,1.39284636e-03,1.83480974e-05
,1.97621488e-08,8.86724879e-02,1.13501946e-07,2.06392085e-11
,2.85088789e-07,7.55898098e-08],
[1.42638681e-01,2.71412041e-02,2.70686828e-03,8.27389575e-01
,6.52728482e-05,9.90156594e-06,1.16679377e-05,1.16221334e-08
,1.63149448e-05,2.05024726e-05],
[8.61901303e-01,9.40372318e-04,8.22476004e-02,4.41813199e-02
,1.65903485e-06,1.06985826e-02,4.46625693e-06,3.53428310e-09
,1.49609186e-05,9.73211786e-06],
[8.68799139e-01,1.68161123e-05,2.37099716e-05,3.66076722e-02
,3.90763727e-06,9.45422528e-02,1.04806903e-06,2.06849843e-09
,2.92986093e-06,2.52237114e-06],
[1.14314413e-01,4.20905536e-02,8.51898299e-05,8.42101000e-01
,1.35000542e-03,1.65336579e-06,1.77112324e-05,3.54702461e-08
,1.79332262e-05,2.15042201e-05],
[4.52577030e-01,3.66165199e-04,1.58102033e-02,6.24333020e-06
,5.56288306e-09,5.31238914e-01,9.91835013e-08,1.48148976e-11
,5.45150606e-07,7.94326138e-07],
[5.75167320e-01,4.78715781e-05,1.92118902e-01,1.64473631e-05
,1.26929698e-06,2.32645395e-01,5.16188844e-07,7.28893311e-11
,1.70921404e-06,5.69672336e-07],
[8.78571885e-01,3.39028820e-06,2.68229379e-04,1.16581903e-05
,2.57312692e-10,1.21144729e-01,2.36844331e-08,5.37366013e-12
,6.98499683e-08,1.39426595e-08],
[7.69112295e-01,1.84204257e-04,4.11478446e-05,3.28535147e-04
,1.91562639e-10,2.30333565e-01,3.10853453e-08,1.12461762e-12
,5.64093442e-08,1.64733997e-07],
[1.02010097e-01,3.43969226e-05,6.58813800e-01,2.52899753e-08
,2.74850668e-04,2.38864674e-01,3.71096906e-07,3.17628146e-11
,1.35697279e-06,4.28016117e-07],
[2.27296052e-01,1.06523671e-06,4.06494582e-08,2.03996725e-02
,1.67994926e-07,7.52302177e-01,5.84104272e-08,4.75303726e-11
,1.38798247e-07,6.27531665e-07],
[8.87860888e-01,1.94314195e-03,1.57026503e-04,1.09433118e-01
,2.24325087e-04,3.57895060e-04,8.88968097e-06,7.37765580e-09
,9.50216393e-06,5.20673196e-06],
[2.96343366e-01,2.05882013e-05,5.68981114e-06,2.54902118e-05
,7.60059303e-10,7.03604742e-01,1.17170462e-08,5.89739147e-13
,2.62819021e-08,8.47012723e-08],
[9.74496209e-01,1.90257390e-03,5.70465936e-04,2.25131970e-02
,8.07092367e-06,5.02201004e-04,3.04770293e-06,6.76207673e-10
,2.84235862e-06,1.39165468e-06],
[9.01739017e-01,8.78474640e-05,1.21693754e-02,3.94582668e-06
,2.12553904e-12,8.59996804e-02,1.64549325e-08,2.74493564e-12
,8.84896608e-08,2.87111099e-08],
[3.06148686e-02,4.62236542e-04,1.19794296e-05,9.60471821e-01
,8.41641262e-03,2.55999122e-06,7.34569116e-06,2.05735644e-08
,6.74954073e-06,6.00632551e-06],
[6.75602710e-01,1.56003995e-06,2.74934172e-04,2.85897030e-04
,1.36488141e-07,3.23832917e-01,2.20270769e-07,7.21098207e-10
,1.29364961e-06,3.30551079e-07],
[1.37916368e-05,2.07411480e-15,5.54189199e-11,3.71371618e-14
,1.90193201e-22,9.99986208e-01,1.04652565e-16,5.11733760e-21
,1.52527683e-15,9.61781981e-16],
[7.57799168e-01,1.57716706e-03,1.92873928e-01,2.80112906e-05
,9.39949950e-03,3.82898815e-02,8.96717185e-06,1.27904927e-09
,1.64320795e-05,6.94391412e-06],
[2.36627541e-01,1.38013288e-02,8.50860658e-04,3.30314155e-01
,4.18051348e-01,5.26788292e-05,8.57546965e-05,2.28305249e-07
,1.12305903e-04,1.03798333e-04],
[5.31569679e-01,7.82972483e-04,8.19106257e-04,6.18722988e-05
,6.49613842e-08,4.66763536e-01,1.84107441e-07,1.98975274e-11
,6.06210433e-07,1.97810036e-06],
[5.63340274e-04,1.33913193e-02,9.86042429e-01,8.88284999e-09
,5.64376277e-08,2.60862649e-06,2.07599026e-08,1.04947428e-12
,8.21011046e-08,1.34177949e-07],
[9.78062851e-01,2.44614940e-04,2.27461825e-05,1.38521891e-03
,4.68740139e-08,2.02837658e-02,2.05417676e-07,2.16874990e-11
,2.55653992e-07,2.95181092e-07],
[1.82964407e-01,6.38198398e-07,3.03415090e-03,4.98349118e-07
,5.54382139e-08,8.13999931e-01,3.57695594e-08,2.11806053e-11
,2.28566781e-07,5.51407195e-08],
[9.93509270e-01,1.14055193e-03,1.00444682e-03,9.22444621e-04
,1.07907199e-08,3.42206949e-03,3.31549220e-07,4.74533068e-11
,5.50564708e-07,3.24025966e-07],
[9.60968623e-01,5.88757761e-04,1.00826629e-04,3.61917590e-02
,4.27788961e-06,2.14046675e-03,1.83737022e-06,5.46017944e-10
,1.98799936e-06,1.46353363e-06],
[1.81220834e-03,1.61704256e-08,9.84012847e-01,2.49576957e-08
,1.91560032e-18,1.41749036e-02,1.00515174e-11,1.01661516e-16
,9.08290431e-11,3.22024384e-11],
[1.99960018e-01,7.79790039e-01,2.59187308e-03,1.76445597e-02
,1.71775252e-07,3.17029736e-06,2.27272312e-06,5.71979376e-10
,2.97098954e-06,4.92386849e-06],
[4.60416223e-02,9.19879387e-01,3.38312694e-02,2.41875717e-04
,2.09541106e-07,1.45164932e-06,8.92281407e-07,7.95534470e-11
,1.25820651e-06,2.03375020e-06],
[3.84625111e-01,1.72507751e-05,1.29467477e-02,9.50158620e-05
,2.05440016e-03,6.00230796e-01,3.22413146e-06,7.67877162e-09
,1.86678934e-05,8.77930575e-06],
[6.41918176e-03,8.91278853e-02,9.03838603e-01,7.16896971e-07
,5.97092828e-04,9.74639311e-06,1.18135133e-06,8.32778879e-11
,2.36289887e-06,3.22952928e-06],
[2.54792701e-01,4.31798690e-01,1.56004026e-02,1.26807361e-01
,1.70462512e-01,1.95535899e-05,1.27526586e-04,1.27459779e-07
,1.62065535e-04,2.29060400e-04],
[2.18647831e-02,4.58103809e-07,1.05426374e-01,2.44316491e-10
,2.89524618e-07,8.72708028e-01,7.81275638e-09,5.27684829e-13
,4.77533089e-08,1.22956827e-08],
[3.92244492e-02,4.25326106e-03,6.18016991e-06,9.52331969e-01
,4.15821068e-03,6.82881713e-07,8.97135742e-06,2.72433113e-08
,7.73695209e-06,8.51184090e-06],
[4.25213470e-01,2.03696589e-01,5.92147498e-05,3.70909751e-01
,3.32810015e-06,8.63276308e-05,4.27234104e-06,1.38703765e-09
,4.78528259e-06,2.22604760e-05],
[4.01187282e-01,4.89334447e-02,5.46962640e-01,2.42141900e-05
,1.70797853e-08,2.88644050e-03,6.28231546e-07,1.04730636e-10
,2.70400678e-06,2.62925602e-06],
[2.20155878e-01,2.87488108e-02,7.48078340e-01,9.65301052e-06
,1.38763969e-03,1.59771500e-03,5.50426473e-06,4.03043958e-10
,9.60275767e-06,6.85549230e-06],
[5.28776874e-05,3.87154089e-04,9.99557240e-01,3.70236557e-07
,1.86119446e-10,2.30934142e-06,1.90888165e-09,2.80477062e-14
,7.19177488e-09,3.95648498e-08],
[2.86465326e-03,7.83095844e-08,6.51065872e-04,1.12724099e-09
,3.55950124e-07,9.96483818e-01,1.81701491e-09,1.24729446e-13
,1.02543865e-08,1.49569644e-08],
[9.83414810e-01,8.35950933e-03,3.41503606e-03,2.43912694e-03
,1.06526489e-04,2.24732131e-03,5.59389780e-06,9.71542872e-10
,6.75436234e-06,5.32040430e-06],
[9.01882264e-01,1.64588597e-02,1.17415819e-02,6.96890690e-02
,1.73012647e-06,2.15322403e-04,4.37736153e-06,4.01558470e-10
,3.88165677e-06,2.91394064e-06],
[9.46960330e-01,5.16954120e-03,6.91222355e-04,4.67601359e-02
,3.94425678e-06,4.04885917e-04,3.48773221e-06,9.67231108e-10
,3.77704512e-06,2.67476226e-06],
[8.90769201e-01,2.71907477e-02,9.28937925e-04,7.99005092e-02
,1.06068133e-03,9.93621578e-05,2.08523159e-05,8.48152706e-09
,1.75859522e-05,1.21138919e-05],
[3.12035760e-02,3.52693423e-03,5.56183768e-06,9.56787301e-01
,8.44839225e-03,5.56118693e-07,9.74158105e-06,3.48512809e-08
,8.53226363e-06,9.36944872e-06],
[8.37049741e-01,1.07509440e-02,3.48796344e-04,1.51355450e-01
,3.65305596e-04,9.72672493e-05,1.37745011e-05,6.46959067e-09
,1.13490237e-05,7.36503895e-06],
[5.06340487e-03,9.82048028e-09,7.00510287e-02,4.40931605e-12
,8.98487839e-14,9.24885556e-01,3.50516445e-11,1.37998337e-15
,4.58022284e-10,7.92049888e-11],
[9.27501135e-03,9.87496819e-01,3.11597035e-03,1.11648693e-04
,6.39157674e-09,3.11684673e-08,1.42660431e-07,6.57286084e-12
,1.31067002e-07,2.39265122e-07],
[8.27945281e-01,7.75088945e-06,7.58904181e-04,8.84299540e-05
,4.30157406e-08,1.71198484e-01,1.74975587e-07,1.56566989e-10
,7.31188489e-07,2.00963210e-07],
[8.71835094e-01,2.90641154e-05,4.74500984e-03,7.87945130e-06
,6.12219631e-08,1.23382206e-01,1.54536787e-07,2.59407198e-11
,4.23857826e-07,1.07562232e-07],
[5.42258507e-01,1.49620926e-05,9.38036223e-04,7.48479051e-04
,3.70174187e-04,4.55649685e-01,2.33666127e-06,6.22823345e-09
,1.09961713e-05,6.81774945e-06],
[4.79959359e-03,8.42975097e-10,1.12092516e-03,4.46028330e-12
,2.75299769e-13,9.94079480e-01,2.08280286e-11,1.82665332e-15
,2.27702987e-10,2.69746447e-11],
[8.90142292e-01,7.05254339e-04,2.43608922e-05,1.06802686e-01
,1.48329098e-04,2.16229382e-03,4.72339713e-06,3.06102595e-09
,5.09239165e-06,4.96460022e-06],
[5.92527632e-01,5.14107511e-03,3.83773032e-01,1.80505566e-05
,2.95767837e-03,1.55549993e-02,7.34460344e-06,7.58195325e-10
,1.34428736e-05,6.74373602e-06],
[5.58511220e-01,1.71301921e-05,1.22742891e-01,2.01862417e-06
,3.93197419e-13,3.18726662e-01,7.87774609e-09,7.57900233e-13
,5.33741473e-08,1.65303051e-08],
[1.21508641e-01,4.11048413e-04,6.35602526e-06,7.89487067e-01
,8.83819055e-02,1.36869831e-04,1.73037304e-05,8.10451600e-08
,2.22000201e-05,2.85276768e-05],
[3.74871466e-04,6.09207445e-06,5.56563190e-04,1.92189752e-06
,9.99040202e-01,1.76724573e-05,4.77256242e-07,8.95262281e-10
,1.26304886e-06,9.35742676e-07],
[9.37907441e-01,1.56954311e-03,1.73209259e-04,5.95579572e-02
,2.99849585e-04,4.70466933e-04,8.42329429e-06,6.13636218e-09
,8.77438324e-06,4.32923455e-06],
[4.73292955e-01,2.90581533e-04,2.05297035e-01,3.66018136e-06
,1.22560395e-03,3.19876277e-01,2.48980088e-06,3.70029217e-10
,7.39494856e-06,4.00245127e-06],
[8.40285887e-01,1.15126206e-05,5.18740841e-06,5.90844327e-04
,8.06729689e-09,1.59106317e-01,5.77685684e-08,7.97209810e-12
,9.23954467e-08,9.32796631e-08],
[9.51625002e-01,3.54644076e-02,1.18773799e-02,7.47561913e-04
,3.09964897e-09,2.83926345e-04,5.15946800e-07,3.55408113e-11
,7.30733822e-07,4.72594886e-07],
[1.89980964e-03,7.35044468e-01,2.63055021e-01,7.80914638e-08
,2.44229516e-08,3.10511209e-07,4.40328541e-08,4.80905329e-13
,6.77535811e-08,1.77230672e-07],
[2.02667332e-01,5.19766936e-04,6.99526556e-01,1.26651146e-06
,3.85105087e-02,5.87527438e-02,4.73864824e-06,6.24224057e-10
,1.18159473e-05,5.27094781e-06],
[9.65161131e-01,8.89869303e-03,7.57227544e-03,1.32998062e-02
,3.84508462e-03,1.15232424e-03,2.33156074e-05,1.00718940e-08
,2.94917544e-05,1.78675670e-05],
[4.98674723e-05,3.05626634e-13,3.20667904e-10,2.66815905e-12
,9.15953771e-20,9.99950132e-01,4.32300763e-15,6.22211969e-19
,7.21275348e-14,1.17038358e-13],
[7.85356921e-03,1.58885933e-04,3.06335002e-07,9.59976699e-01
,3.19990316e-02,2.27578898e-07,4.25501395e-06,3.63621058e-08
,3.67559754e-06,3.31297118e-06],
[9.79186314e-01,1.98958774e-03,1.41534284e-02,3.77716194e-05
,1.80073330e-10,4.63248061e-03,1.01362989e-07,6.26635051e-12
,2.19943892e-07,9.65142631e-08],
[8.52185354e-01,7.40505096e-02,6.76042500e-02,1.06648494e-03
,1.49573784e-05,5.03587498e-03,5.96637498e-06,1.26691640e-09
,1.44871153e-05,2.21138901e-05],
[8.92611938e-02,8.12347105e-04,3.92831921e-03,4.44217877e-03
,9.00893866e-01,5.60200820e-04,2.50090211e-05,3.61222968e-08
,4.37442179e-05,3.31049556e-05],
[9.62808956e-01,1.81168669e-04,8.17915210e-04,9.12959693e-03
,2.82951043e-05,2.70132350e-02,3.44598202e-06,7.28619191e-09
,1.10841332e-05,6.29558641e-06],
[1.30790993e-01,2.71546611e-07,2.78885903e-03,6.05976573e-08
,7.89849247e-10,8.66419752e-01,6.60610725e-09,2.27414495e-12
,4.71216073e-08,9.62331606e-09],
[3.36163607e-03,1.71602815e-03,9.94525993e-01,1.50201068e-07
,1.46495059e-04,2.47100419e-04,2.80761437e-07,2.49380818e-11
,9.70570792e-07,1.34587252e-06],
[9.58337930e-01,3.46612417e-02,3.75655389e-03,3.06759038e-03
,1.84354154e-06,1.68091363e-04,2.70715823e-06,2.59889451e-10
,2.49205953e-06,1.54961388e-06],
[2.22717661e-01,4.09240403e-07,3.47478393e-04,4.47801807e-07
,1.90943274e-11,7.76933968e-01,3.62565784e-09,1.36092385e-12
,2.48166359e-08,7.30927458e-09],
[7.06078825e-05,6.08617201e-14,1.70454081e-10,2.26601612e-13
,2.10066177e-21,9.99929392e-01,7.90209869e-16,2.86485619e-20
,8.42613039e-15,6.03823516e-15],
[9.68060830e-01,1.42940917e-02,5.28883387e-04,1.69740564e-02
,1.38460792e-05,1.18668383e-04,4.34562358e-06,7.54559508e-10
,3.32554479e-06,1.95168096e-06],
[1.65234809e-02,9.81889456e-01,1.08125322e-03,5.05232225e-04
,2.14600638e-09,3.61639924e-08,1.54908971e-07,9.34958918e-12
,1.36580689e-07,2.47995010e-07],
[7.70465352e-02,1.42200269e-07,4.07974187e-03,1.83997851e-09
,6.20652009e-13,9.18873574e-01,4.37294459e-10,4.00832092e-14
,3.46527269e-09,6.69308101e-10],
[4.20246204e-03,9.95479581e-01,2.97188702e-04,2.07284487e-05
,4.55538881e-12,8.60040836e-09,8.28007831e-09,8.05477915e-14
,5.60525608e-09,1.71906734e-08],
[4.77113880e-01,2.70643820e-02,4.93887447e-01,8.39973251e-04
,8.31039791e-08,1.08957355e-03,1.16550517e-06,3.50863524e-11
,1.74525612e-06,1.75026507e-06],
[1.10494566e-04,1.27769220e-12,7.93373185e-09,1.93856728e-08
,4.22758738e-16,9.99889478e-01,3.83615866e-13,1.40638372e-16
,5.02619047e-12,1.34491788e-11],
[9.50675019e-01,1.23729197e-02,2.17055476e-02,1.64880483e-03
,1.75162300e-05,1.35391215e-02,5.25290859e-06,2.80534330e-09
,1.63705521e-05,1.94444395e-05],
[9.65786814e-01,8.19097296e-03,3.78486348e-04,1.38188521e-02
,2.93601830e-05,1.17697453e-02,3.92004634e-06,1.10466774e-09
,6.44320520e-06,1.54044586e-05],
[6.17711584e-01,3.70385991e-01,1.17054134e-02,2.03026573e-05
,2.97451812e-12,1.76517551e-04,4.54573584e-08,3.83679845e-13
,5.78704330e-08,8.77380546e-08],
[3.10720238e-02,2.88115944e-08,5.19169462e-04,1.56975791e-07
,4.31945528e-09,9.68408531e-01,5.19360101e-09,9.03748048e-12
,6.18788952e-08,1.84727702e-08],
[2.49828785e-01,2.82731043e-07,7.23171963e-04,5.92358734e-06
,1.78757051e-08,7.49441387e-01,4.09815851e-08,7.77367969e-11
,3.21128578e-07,6.94866772e-08],
[4.16095652e-03,5.36976796e-09,5.15555486e-07,4.15909531e-09
,5.92403489e-12,9.95838518e-01,4.45861946e-11,2.27962583e-15
,1.96713980e-10,3.58451354e-10],
[4.93868830e-01,1.25957565e-05,7.46919615e-05,6.52765793e-05
,6.45073591e-08,5.05978171e-01,7.00022376e-08,5.60412734e-12
,1.36171206e-07,1.64190966e-07],
[6.88549249e-01,1.10640512e-01,6.65086279e-02,1.32935140e-01
,4.39785008e-06,1.30284059e-03,8.52149837e-06,9.51485105e-10
,1.32733933e-05,3.74375145e-05],
[9.71302163e-01,1.13923192e-02,3.39597744e-04,1.68337537e-02
,4.63045817e-06,1.20664206e-04,3.05690862e-06,5.38455262e-10
,2.39934075e-06,1.41444839e-06],
[9.47989201e-01,5.80188684e-03,2.20352794e-02,5.35030300e-07
,4.93259460e-14,2.41730565e-02,6.21054895e-09,7.42459355e-14
,1.87414646e-08,1.68103424e-08],
[9.90443475e-01,9.72408404e-05,2.29108888e-04,1.92958500e-03
,3.39546995e-07,7.29838347e-03,5.72166005e-07,2.21201708e-10
,9.51031604e-07,3.44170424e-07],
[8.65454436e-01,2.35589457e-03,1.01431814e-01,9.27475551e-05
,1.01802398e-02,2.04453491e-02,1.17559093e-05,1.94826160e-09
,1.91871715e-05,8.57400260e-06],
[2.81286194e-04,1.85214388e-11,6.71183630e-06,1.93259113e-13
,5.54969394e-18,9.99712002e-01,8.10336551e-14,2.72640253e-18
,1.20672212e-12,4.97040316e-13],
[8.95337303e-01,1.97847976e-04,4.28358403e-06,9.64694019e-02
,2.98983302e-05,7.95392296e-03,1.99731475e-06,1.26396894e-09
,2.37594366e-06,2.96810598e-06],
[3.79589684e-04,1.51417067e-10,3.41891797e-04,1.13175657e-11
,2.98848113e-10,9.99278517e-01,4.59329070e-11,2.69163881e-14
,9.02878578e-10,3.11758143e-10],
[1.12118707e-04,1.74725129e-11,7.87595491e-03,3.80355721e-15
,3.92577301e-13,9.92011926e-01,1.39892514e-12,9.91949938e-17
,3.07179755e-11,3.73312801e-12],
[1.88413067e-01,6.46795855e-06,2.17461540e-02,3.69457847e-07
,2.94570299e-09,7.89833466e-01,3.10052869e-08,1.85831240e-11
,3.12243851e-07,1.29228464e-07],
[3.91230731e-03,3.97664152e-08,3.83601573e-06,4.76500836e-07
,1.95865772e-05,9.96063537e-01,9.03029646e-09,6.46733065e-12
,5.24419584e-08,1.54949031e-07],
[9.43610586e-01,1.60428143e-02,1.10632843e-02,1.52930851e-05
,1.98475404e-12,2.92677358e-02,2.85604208e-08,6.23188718e-13
,8.38724167e-08,1.74276421e-07],
[5.17984301e-02,3.72045104e-06,1.04954566e-05,1.07666876e-09
,1.62665727e-19,9.48187353e-01,3.21638887e-12,9.05157331e-18
,1.55108816e-11,5.52781512e-11],
[5.34339346e-02,9.41825524e-04,3.73595833e-06,9.20567253e-01
,2.50219919e-02,2.51107099e-06,1.13952206e-05,4.08868241e-08
,9.41718169e-06,7.89447677e-06],
[2.34249668e-01,3.76254801e-02,7.27094205e-01,2.87259004e-07
,1.23195331e-14,1.03029543e-03,6.52314937e-09,1.43296114e-13
,3.18791103e-08,2.58114907e-08],
[6.71448023e-01,1.66254208e-05,5.85365209e-04,8.30965275e-06
,1.51242315e-08,3.27941348e-01,6.23149000e-08,7.40031431e-12
,1.66178067e-07,8.48237111e-08],
[5.12637733e-01,2.91299515e-03,1.27118283e-03,8.84767071e-02
,3.93800238e-01,6.80747230e-04,6.66722141e-05,1.29707400e-07
,9.29654257e-05,6.06300112e-05],
[1.24693671e-03,2.01770403e-04,9.98416072e-01,4.66688595e-13
,9.56310702e-18,1.35221202e-04,7.51412047e-12,1.23305994e-17
,4.53252591e-11,2.55799926e-11],
[7.16006309e-01,1.33367214e-06,2.05100418e-04,1.23308838e-04
,5.88244119e-09,2.83663408e-01,7.53872601e-08,1.03258459e-10
,3.68860560e-07,9.02547991e-08],
[6.45600308e-04,4.65773242e-10,1.02307718e-07,1.18551351e-09
,5.59442568e-11,9.99354295e-01,2.00484181e-11,1.97025857e-15
,1.13389451e-10,2.92208221e-10],
[1.35171156e-04,9.98802386e-01,1.05349999e-03,8.74313401e-06
,3.48564416e-08,9.71924887e-11,3.40017032e-08,2.03034631e-12
,3.06205790e-08,9.98677378e-08],
[1.68903770e-04,9.99403998e-01,2.72866153e-05,3.99709281e-04
,2.56642572e-09,1.05956193e-11,2.61159184e-08,2.76639994e-12
,1.64613673e-08,5.70368518e-08],
[1.81310514e-02,8.45709076e-01,3.67049913e-04,1.35776377e-01
,5.43335758e-06,2.37423001e-08,2.93318511e-06,1.12086964e-09
,2.38845762e-06,5.66602323e-06],
[3.40327657e-03,9.86646767e-01,1.11794909e-04,9.83668380e-03
,1.57498442e-07,1.46548242e-09,3.70948368e-07,5.75310115e-11
,2.45083466e-07,7.02792548e-07],
[2.68489280e-01,1.61275174e-01,5.17096001e-01,1.51964983e-08
,8.73473753e-12,5.31393663e-02,1.18283141e-08,1.53480578e-14
,2.87113349e-08,1.22530580e-07],
[1.47929542e-03,9.95448685e-01,3.07172267e-03,2.84959894e-07
,1.65469622e-12,2.96967702e-09,2.81313222e-09,1.09253843e-14
,1.97701452e-09,3.91049446e-09],
[1.96049758e-03,9.93944298e-01,4.06202281e-03,3.27629710e-05
,3.71646141e-09,1.19068972e-08,6.51473745e-08,3.77407693e-12
,8.32749753e-08,2.54365509e-07],
[1.74797400e-04,9.99641545e-01,5.68274186e-05,1.26731722e-04
,3.43077544e-09,2.36482183e-11,2.36743532e-08,1.69920773e-12
,1.54048127e-08,5.59245531e-08],
[2.46711941e-04,9.99402443e-01,3.43103064e-04,7.70158039e-06
,4.99398933e-10,7.83477634e-11,1.13332724e-08,3.00867967e-13
,7.73208564e-09,2.12144183e-08],
[1.67589814e-04,9.99464076e-01,2.93510897e-05,3.38865014e-04
,4.18754656e-09,1.19669609e-11,2.91207831e-08,3.36029041e-12
,1.89756789e-08,6.53456727e-08],
[2.16784854e-03,9.97434153e-01,3.52967377e-04,4.49790458e-05
,7.34098033e-11,1.04945381e-09,1.76540321e-08,3.01646323e-13
,1.04031642e-08,2.26073933e-08],
[6.18352895e-03,9.73908029e-01,1.99072615e-02,1.13446254e-06
,2.35182877e-13,3.01816194e-08,4.56596639e-09,2.16161769e-14
,4.43596880e-09,7.22817338e-09],
[1.24609683e-04,9.99612017e-01,2.20952990e-05,2.41217550e-04
,1.26282207e-09,5.51340813e-12,1.70468661e-08,1.27050244e-12
,9.46705579e-09,3.25554686e-08],
[5.52218845e-01,2.95359369e-01,1.26769663e-01,2.05744632e-02
,4.55992286e-03,2.19200623e-04,5.80374781e-05,3.78305460e-08
,1.11386753e-04,1.29074717e-04],
[1.78536117e-04,9.99424533e-01,5.94140671e-05,3.37414995e-04
,1.95929043e-09,1.73340605e-11,2.50550647e-08,1.90578578e-12
,1.59538812e-08,5.86826627e-08],
[2.36455232e-04,9.99672972e-01,5.02583559e-05,4.02884550e-05
,1.16415868e-10,1.90382998e-11,8.49501992e-09,2.66865425e-13
,4.60760456e-09,1.29393635e-08],
[8.40563019e-04,9.98061221e-01,5.50026725e-05,1.04292911e-03
,1.58337178e-08,1.15338563e-10,8.42186836e-08,8.43549112e-12
,4.97200781e-08,1.33981194e-07],
[3.01387783e-04,9.99475018e-01,1.14689074e-04,1.08829441e-04
,6.72954965e-10,4.73693059e-11,1.98620391e-08,1.14656662e-12
,1.36693492e-08,4.15192587e-08],
[2.21711013e-04,9.99663048e-01,3.70943300e-05,7.81072601e-05
,2.99920636e-10,1.83068802e-11,1.17147783e-08,5.12539083e-13
,6.59885104e-09,2.05308835e-08],
[3.80809660e-04,9.95734235e-01,3.87757039e-03,7.23778289e-06
,3.40187235e-09,6.26362045e-10,2.88347463e-08,1.14441714e-12
,2.98872375e-08,8.44064913e-08],
[2.82482855e-04,9.99611884e-01,8.15693976e-05,2.40383928e-05
,9.95254797e-11,3.30354844e-11,8.23346086e-09,2.24292448e-13
,4.68874278e-09,1.26297657e-08],
[9.38075157e-05,9.99439873e-01,1.23186308e-05,4.53904484e-04
,5.69068602e-09,3.25348835e-12,2.48172042e-08,2.97262759e-12
,1.39659144e-08,5.20621054e-08],
[1.81564781e-04,9.98638872e-01,1.17464633e-03,4.82815045e-06
,4.67818840e-09,1.28768948e-10,1.94676207e-08,6.63258430e-13
,1.60654111e-08,4.80160526e-08],
[2.68209955e-04,9.99527716e-01,1.20735830e-04,8.32344157e-05
,2.14899110e-09,5.33760838e-11,2.51085774e-08,1.81477285e-12
,1.85316607e-08,5.76324024e-08],
[6.00564299e-04,9.98968632e-01,4.29066829e-04,1.72744599e-06
,4.14178645e-12,1.98710025e-10,3.16148494e-09,2.36247048e-14
,1.79955428e-09,3.81253788e-09],
[1.60005273e-02,9.70531448e-01,1.34528031e-02,1.14789937e-05
,1.37794470e-11,3.53154283e-06,1.99955472e-08,1.41606825e-13
,2.74597375e-08,1.63431687e-07],
[3.60966269e-04,9.96814997e-01,1.07565573e-03,1.74807738e-03
,4.61782748e-09,8.67028477e-11,7.01837954e-08,4.55357492e-12
,5.07560003e-08,1.78140274e-07],
[1.91904626e-01,1.30185577e-05,1.70677613e-01,6.64227343e-06
,9.69080366e-10,6.37397287e-01,5.02486768e-08,1.79942161e-11
,4.71983076e-07,2.90337448e-07],
[5.62652445e-04,9.99236261e-01,1.95980281e-04,5.09644249e-06
,4.27444937e-12,1.20607560e-10,3.51107464e-09,3.35784640e-14
,1.89552936e-09,4.40334844e-09],
[5.54083317e-04,9.99139364e-01,3.02551077e-04,3.99000673e-06
,6.08678889e-12,1.49921502e-10,3.86017745e-09,3.73432905e-14
,2.20045023e-09,5.04969205e-09],
[8.36341005e-04,9.98822244e-01,3.39967231e-04,1.44255247e-06
,7.40299842e-13,2.37128380e-10,2.08198558e-09,1.09291032e-14
,1.09135346e-09,2.13576086e-09],
[1.64439775e-02,9.82240172e-01,9.55997010e-04,3.59409859e-04
,2.85790593e-09,2.79896305e-08,1.42906034e-07,5.32459744e-12
,1.00073632e-07,1.69825929e-07],
[1.51135537e-04,9.99691457e-01,2.94661533e-05,1.27897209e-04
,5.32345753e-10,7.97185438e-12,1.31012371e-08,7.12154146e-13
,7.16923715e-09,2.29550252e-08],
[5.57723017e-04,9.99277813e-01,1.60612183e-04,3.84445044e-06
,2.61520942e-12,9.32404604e-11,2.87235706e-09,2.44821707e-14
,1.46645092e-09,3.15753698e-09],
[2.51825177e-04,9.99014513e-01,9.59959613e-05,6.37474288e-04
,5.17546870e-09,3.30924975e-11,4.39314431e-08,4.74753095e-12
,3.13666342e-08,1.10583500e-07],
[1.38855637e-03,9.96372602e-01,1.85021978e-04,2.05170533e-03
,7.39866037e-07,6.45032889e-10,3.52504864e-07,7.16914773e-11
,2.69577146e-07,7.51403288e-07],
[8.87190252e-04,9.98264990e-01,8.46947964e-04,8.64561620e-07
,1.07213034e-12,4.38963372e-10,2.34657298e-09,1.14089100e-14
,1.36402772e-09,2.64092553e-09],
[5.66077015e-02,9.40841590e-01,1.02811829e-03,1.51791674e-03
,3.44608208e-10,3.34862069e-06,1.47009204e-07,7.59443916e-12
,2.00774798e-07,9.76713971e-07],
[4.20180840e-04,9.99243611e-01,3.32372726e-04,3.81823036e-06
,3.00709213e-11,1.32934436e-10,5.43299758e-09,7.06585771e-14
,3.30066898e-09,8.01913083e-09],
[1.69064812e-01,8.08096931e-01,2.27538702e-02,6.79143802e-05
,7.04659685e-09,1.53063742e-05,3.19835831e-07,4.64111313e-12
,3.06424150e-07,5.32178495e-07],
[1.65666486e-04,9.99547343e-01,2.54408696e-05,2.61478215e-04
,1.25717419e-09,1.18238040e-11,1.88272081e-08,1.32846770e-12
,1.10044619e-08,4.04550105e-08],
[4.38709243e-04,9.99426054e-01,1.28396641e-04,6.82859882e-06
,8.43662597e-12,6.49313771e-11,3.98288925e-09,4.86551336e-14
,2.09677393e-09,4.87223843e-09],
[2.20685877e-02,9.54853473e-01,6.83648142e-04,2.23834912e-02
,2.78563959e-06,4.09289623e-08,2.15543354e-06,7.05261144e-10
,1.98503296e-06,3.83233491e-06],
[3.44991980e-03,9.94196053e-01,6.73731990e-04,1.67767135e-03
,6.54052282e-07,4.08706438e-09,4.99106319e-07,8.29803502e-11
,4.28470739e-07,1.03822284e-06],
[2.66682134e-04,9.99549662e-01,1.20886852e-04,6.26774859e-05
,3.02966509e-09,4.77913751e-11,2.48897250e-08,1.36399203e-12
,1.61658975e-08,4.77437168e-08],
[1.16189901e-04,9.99597353e-01,4.51997827e-05,2.41168159e-04
,2.89876251e-09,7.75166449e-12,2.25325627e-08,1.86503684e-12
,1.39030820e-08,4.98610368e-08],
[1.31830961e-04,9.99653546e-01,2.14065822e-05,1.93160991e-04
,1.09707567e-09,6.06158708e-12,1.59397313e-08,1.11091443e-12
,8.76966615e-09,2.95098859e-08],
[1.01866009e-04,9.99529757e-01,1.47997719e-05,3.53496003e-04
,3.48233722e-09,3.77891276e-12,2.16828959e-08,2.20140625e-12
,1.20960680e-08,4.37016578e-08],
[6.64201544e-04,9.99112463e-01,2.19717292e-04,3.60845333e-06
,3.70836891e-12,1.72576967e-10,3.36671128e-09,2.91628783e-14
,1.83434042e-09,4.11112302e-09],
[4.65195400e-04,9.99300688e-01,2.29915458e-04,4.18950177e-06
,1.02092233e-11,1.02729028e-10,4.13281995e-09,4.59575861e-14
,2.31391161e-09,5.30443532e-09],
[1.78463276e-03,9.97613573e-01,5.31408698e-04,7.01756327e-05
,1.95558204e-09,2.81649958e-09,4.65858111e-08,2.16421562e-12
,4.02225078e-08,1.18472693e-07],
[1.30095110e-02,2.93731104e-04,1.52096666e-05,8.54652295e-02
,9.01173616e-01,3.49831807e-06,1.22060244e-05,6.41506970e-08
,1.45388315e-05,1.23949963e-05],
[3.06711213e-04,9.99595348e-01,8.13173480e-05,1.66049150e-05
,4.01661199e-11,3.41412920e-11,6.12928061e-09,1.25986140e-13
,3.30650981e-09,8.53848483e-09],
[2.01897463e-04,9.99569038e-01,1.51677162e-04,7.73468589e-05
,1.69068066e-10,2.33616031e-11,1.13488748e-08,3.84501251e-13
,6.93536553e-09,2.19110065e-08],
[5.59296799e-02,9.25172968e-01,1.87633696e-02,1.31536909e-04
,1.17977568e-09,1.28362648e-06,2.27480110e-07,1.60890048e-11
,3.67784284e-07,5.65470977e-07],
[1.09943839e-03,9.98491706e-01,4.01081957e-04,7.75008852e-06
,2.61659051e-11,4.27314737e-10,8.18249157e-09,1.03809676e-13
,4.84540177e-09,9.95774563e-09],
[1.64439775e-02,9.82240172e-01,9.55997010e-04,3.59409859e-04
,2.85790593e-09,2.79896305e-08,1.42906034e-07,5.32459744e-12
,1.00073632e-07,1.69825929e-07],
[1.16972564e-04,9.99571646e-01,1.62550336e-05,2.95056628e-04
,2.13294830e-09,4.62896277e-12,1.93387933e-08,1.69835364e-12
,1.06596249e-08,3.72924555e-08],
[8.79137142e-05,9.99312670e-01,1.54554116e-05,5.83863652e-04
,4.68993914e-09,2.91038757e-12,2.48471798e-08,2.91462580e-12
,1.40707256e-08,5.34852316e-08],
[9.82683624e-01,2.73973546e-04,1.16046553e-03,1.05073507e-02
,6.93510181e-07,5.36783747e-03,1.44983446e-06,1.07562642e-09
,3.20441447e-06,1.39979416e-06],
[4.33313312e-03,8.12834833e-01,1.79177247e-01,3.64261762e-03
,2.99960316e-06,5.53838502e-08,1.55547583e-06,1.69933895e-10
,2.02744925e-06,5.53115721e-06],
[2.81135757e-04,9.99596307e-01,1.04067021e-04,1.84672649e-05
,7.82752860e-11,3.63627072e-11,7.48890537e-09,1.77380668e-13
,4.26503496e-09,1.13887811e-08],
[1.04614953e-04,9.99545481e-01,1.39620355e-05,3.35864311e-04
,3.16382085e-09,3.77003660e-12,2.10200553e-08,2.10556384e-12
,1.16417010e-08,4.14093092e-08],
[6.03325134e-01,1.15632001e-01,2.21273704e-02,2.58792860e-01
,1.34386616e-05,6.01285206e-05,1.36773831e-05,3.63669916e-09
,1.64943999e-05,1.88927880e-05],
[1.55023746e-04,9.99576531e-01,2.85306052e-05,2.39819700e-04
,3.15538314e-09,1.14152913e-11,2.40696383e-08,2.25181505e-12
,1.49900378e-08,5.28814216e-08],
[2.24202064e-04,9.99645898e-01,1.04489897e-04,2.53697220e-05
,4.11824954e-10,3.41812989e-11,1.15385788e-08,4.02528265e-13
,7.09268529e-09,2.08099166e-08],
[1.70444749e-03,9.96862724e-01,8.67882731e-04,5.63725878e-04
,2.09332009e-07,1.67460163e-09,2.50464981e-07,2.97724036e-11
,2.13949069e-07,5.44187879e-07],
[1.07810871e-03,9.96810273e-01,3.85953515e-05,2.07257848e-03
,2.54931990e-08,2.56446888e-10,1.09971994e-07,1.39390958e-11
,7.07272443e-08,2.37770747e-07],
[6.32270169e-04,9.98853517e-01,5.10432840e-04,3.76044955e-06
,2.14515525e-11,3.99523034e-10,5.74326733e-09,6.44701745e-14
,3.76215048e-09,9.89630188e-09],
[5.20267488e-04,9.99312668e-01,1.62481344e-04,4.57479538e-06
,3.96005782e-12,8.86768067e-11,3.25071103e-09,3.09867376e-14
,1.69385003e-09,3.75803804e-09],
[3.26432665e-04,9.99288286e-01,3.64548851e-04,2.06439772e-05
,1.70372792e-09,1.85165724e-10,2.03509632e-08,7.86356159e-13
,1.55890811e-08,5.10246136e-08],
[3.20058655e-04,9.99448420e-01,3.05057675e-05,2.00945250e-04
,5.42779492e-10,4.96114950e-11,1.73888533e-08,9.62840737e-13
,1.07286285e-08,4.15970726e-08],
[4.43367526e-03,9.93251477e-01,2.31198054e-03,2.84238319e-06
,1.30479149e-13,1.49288549e-08,2.88099270e-09,9.74737916e-15
,2.09070714e-09,5.35640182e-09],
[1.88169642e-04,9.99706188e-01,3.20846565e-05,7.35248024e-05
,2.54271436e-10,1.14717053e-11,1.04262653e-08,4.39659901e-13
,5.59339544e-09,1.67934495e-08],
[8.87389840e-02,8.79618974e-01,2.78983044e-03,2.88349933e-02
,1.94294003e-06,5.90361748e-07,3.70237593e-06,1.16072806e-09
,4.18058067e-06,6.80109611e-06],
[2.06981143e-04,9.99695626e-01,3.82800758e-05,5.90809992e-05
,2.04653706e-10,1.45939550e-11,9.89337062e-09,3.78185119e-13
,5.36655000e-09,1.58279819e-08],
[1.68102066e-03,9.98057520e-01,2.56701201e-04,4.74679383e-06
,1.16093116e-12,1.22091533e-09,3.38479821e-09,2.30601634e-14
,2.00986985e-09,5.14566269e-09],
[4.82592298e-04,9.99351749e-01,1.59773666e-04,5.87536505e-06
,4.96765607e-12,7.78719642e-11,3.53486851e-09,3.69447324e-14
,1.85675166e-09,4.23605045e-09],
[1.41276929e-04,9.99712964e-01,3.58830139e-05,1.09818785e-04
,1.32241342e-09,9.33829129e-12,1.62259884e-08,1.01324709e-12
,9.37092426e-09,3.05512026e-08],
[1.70986033e-04,9.99629149e-01,7.87865837e-05,1.20965238e-04
,4.38745068e-09,2.65111657e-11,2.61286135e-08,2.02831767e-12
,1.80246843e-08,6.49286140e-08],
[2.19076653e-04,9.99611918e-01,6.96025536e-05,9.93209973e-05
,1.93882087e-09,2.60515489e-11,2.18832540e-08,1.43784097e-12
,1.40883298e-08,4.35729577e-08],
[1.01704087e-03,9.96850975e-01,2.13127804e-03,6.89588559e-07
,1.02304442e-11,1.43049153e-09,4.65346071e-09,3.03273754e-14
,3.28841246e-09,6.95620608e-09],
[7.21517832e-04,9.98912477e-01,3.63964065e-04,2.03198118e-06
,3.07222427e-12,2.59561331e-10,3.11008891e-09,2.27210642e-14
,1.76507937e-09,3.82429117e-09],
[5.25924802e-03,9.76399870e-01,1.80951499e-02,2.45543514e-04
,3.90260186e-11,2.13240711e-08,3.91500639e-08,4.69734001e-13
,3.35191976e-08,9.42776581e-08],
[1.81246939e-04,9.99686928e-01,4.26647993e-05,8.91074373e-05
,7.93575202e-10,1.50356300e-11,1.50084180e-08,8.31176670e-13
,8.87234138e-09,2.81130542e-08],
[7.15052874e-02,6.24523907e-01,2.48130348e-04,3.03515050e-01
,1.75274604e-04,1.44813058e-07,1.13021759e-05,5.84524104e-09
,7.89322304e-06,1.30052920e-05],
[6.42158082e-04,9.98528598e-01,8.28345011e-04,8.90519037e-07
,3.75575982e-12,3.17772504e-10,2.96199826e-09,1.80134318e-14
,1.76656822e-09,3.62992839e-09],
[1.93315400e-03,7.96973832e-01,2.01091491e-01,6.94545943e-07
,3.81022903e-08,1.35995975e-07,8.71074077e-08,3.20883417e-12
,1.67828526e-07,3.99467185e-07],
[1.73659119e-04,9.99594014e-01,1.68844783e-04,6.32904856e-05
,2.34729957e-08,4.75103200e-11,3.89080594e-08,3.19690174e-12
,2.90041514e-08,1.00466286e-07],
[9.40663366e-03,9.87653054e-01,2.93334459e-03,6.87954415e-06
,7.25300778e-11,2.49452224e-08,2.36791877e-08,2.02413227e-13
,1.56153685e-08,2.40746471e-08],
[1.21442612e-04,9.99628561e-01,1.88537654e-05,2.31077535e-04
,1.84528426e-09,5.25241951e-12,1.83179679e-08,1.50240603e-12
,1.02145766e-08,3.48739582e-08],
[6.65164321e-04,9.98826796e-01,5.03262954e-04,4.75093209e-06
,6.07655462e-11,3.22172480e-10,8.14553516e-09,1.09895677e-13
,5.15730736e-09,1.18787797e-08],
[3.93499114e-04,9.96043463e-01,3.54913865e-03,1.32997196e-05
,1.43943392e-07,9.66498947e-10,8.45183803e-08,6.13188864e-12
,9.18805023e-08,2.78331871e-07],
[1.29222685e-03,9.98107047e-01,4.17673275e-04,1.82825878e-04
,9.92041106e-10,8.40435466e-10,4.79902794e-08,4.88830458e-12
,4.91459187e-08,1.27813903e-07],
[2.47541421e-03,9.96597036e-01,9.23697764e-04,3.81604475e-06
,8.47110122e-12,7.28417488e-09,7.19551220e-09,7.08133880e-14
,5.77521473e-09,1.60645452e-08],
[1.95080054e-03,9.97724688e-01,3.21705878e-04,2.79571924e-06
,5.90815653e-13,1.78146219e-09,2.70820449e-09,1.38698121e-14
,1.59035486e-09,3.98166652e-09],
[4.72557115e-04,9.99325209e-01,1.96529842e-04,5.69050920e-06
,1.33398382e-11,9.98021081e-11,4.66537441e-09,5.96790115e-14
,2.63984530e-09,6.17076040e-09],
[6.95822542e-04,9.98771010e-01,4.41854560e-04,9.11881526e-05
,6.97722909e-10,3.23506965e-10,2.96762635e-08,1.68392110e-12
,2.50783788e-08,6.93209869e-08],
[1.11639212e-04,9.99581265e-01,8.25281886e-05,2.24436923e-04
,7.14888342e-09,1.11634240e-11,2.95873217e-08,2.67067913e-12
,1.98214860e-08,7.40641796e-08],
[1.09667297e-04,9.99573173e-01,1.61924045e-05,3.00890793e-04
,2.90025507e-09,4.31810882e-12,2.07614209e-08,1.98331328e-12
,1.16407543e-08,4.08653573e-08],
[1.70071983e-04,9.99451934e-01,3.64401741e-04,1.35200287e-05
,2.64290441e-09,5.30325343e-11,1.76697317e-08,7.16097016e-13
,1.28476791e-08,3.91042986e-08],
[3.14902602e-03,9.92542888e-01,4.30579500e-03,2.20043292e-06
,1.57991004e-11,4.33641428e-08,8.99664444e-09,6.11970220e-14
,8.47020327e-09,2.95337611e-08],
[1.84663443e-01,7.54430617e-01,6.06351437e-02,2.18603910e-04
,2.76982633e-06,3.90724210e-05,2.28870676e-06,1.25621530e-10
,2.97107083e-06,5.09028839e-06],
[6.09229212e-04,9.98853259e-01,5.22906284e-04,1.45352757e-05
,8.01118434e-10,3.78511660e-10,1.94283589e-08,5.14586266e-13
,1.37344114e-08,3.63682687e-08],
[3.92994863e-04,9.99421594e-01,1.73661702e-04,1.17279487e-05
,4.06780875e-11,7.42502796e-11,6.80789373e-09,1.31571831e-13
,4.06470892e-09,1.01406744e-08],
[1.33366741e-04,9.99632652e-01,2.50032399e-05,2.08922101e-04
,9.98851956e-10,6.26786218e-12,1.61571253e-08,1.11231670e-12
,9.00198420e-09,3.01939912e-08],
[1.50932882e-04,9.99697051e-01,2.99918988e-05,1.21976293e-04
,7.31429733e-10,8.50790084e-12,1.41967706e-08,8.16324149e-13
,7.91695977e-09,2.52508417e-08],
[1.78052079e-03,9.96453023e-01,2.31344789e-04,1.53451394e-03
,2.39914908e-08,6.78020631e-10,1.54509666e-07,1.94207656e-11
,1.17674339e-07,3.00719452e-07],
[6.70961832e-03,9.92884830e-01,2.01423867e-04,2.03914562e-04
,6.65736914e-11,3.89728564e-08,2.87020598e-08,8.43722245e-13
,2.62252303e-08,1.19651914e-07],
[8.06852819e-05,9.98197539e-01,3.54916119e-04,1.36674963e-03
,6.83535644e-10,6.06126165e-12,2.32969926e-08,1.46570498e-12
,1.57499901e-08,7.05855277e-08],
[9.48431549e-01,3.19375273e-02,3.78033430e-03,1.55939738e-02
,1.48116048e-06,2.39736073e-04,4.13519061e-06,1.60477650e-09
,6.48024924e-06,4.78179619e-06],
[1.90426535e-04,9.99542723e-01,2.19369728e-04,4.73255980e-05
,1.00830342e-08,7.58328250e-11,3.08804031e-08,2.08868976e-12
,2.42396845e-08,9.02823607e-08],
[6.35429875e-04,9.99226147e-01,9.49667563e-05,4.34197220e-05
,1.34093488e-10,1.04035627e-10,1.26572166e-08,3.29229824e-13
,6.99333350e-09,1.72375236e-08],
[7.99432602e-04,9.97767171e-01,1.43301744e-03,3.72005054e-07
,2.00597913e-12,5.87241934e-10,2.40010731e-09,1.05045483e-14
,1.46278503e-09,2.79291068e-09],
[2.97098533e-04,9.99501952e-01,1.92073439e-04,8.85191704e-06
,1.00349195e-10,6.11189551e-11,7.52500687e-09,1.54722777e-13
,4.55060182e-09,1.18508973e-08],
[1.25087869e-03,9.97428017e-01,7.79135311e-04,5.41287124e-04
,3.87184003e-08,9.56400425e-10,1.48107536e-07,1.67209247e-11
,1.32562445e-07,3.61570278e-07],
[9.72171804e-03,3.22085565e-03,9.87015254e-01,1.16241079e-06
,8.60586035e-16,4.09920936e-05,1.19704621e-09,3.83213720e-14
,7.45145396e-09,8.89764152e-09],
[1.18510631e-01,6.91842483e-01,1.89587687e-01,6.19718234e-06
,4.26993901e-08,5.13486969e-05,3.61870654e-07,4.47292941e-12
,4.59721285e-07,7.88912524e-07],
[1.16898843e-03,9.98281418e-01,5.46228732e-04,3.35551999e-06
,1.09336708e-12,4.87867970e-10,3.22750779e-09,2.28230172e-14
,1.93745805e-09,3.94546061e-09],
[2.08224335e-04,9.99678395e-01,3.58682680e-05,7.74723274e-05
,3.44064477e-10,1.67284568e-11,1.18292901e-08,5.25537042e-13
,6.62992133e-09,2.08237344e-08],
[2.81135757e-04,9.99596307e-01,1.04067021e-04,1.84672649e-05
,7.82752860e-11,3.63627072e-11,7.48890537e-09,1.77380668e-13
,4.26503496e-09,1.13887811e-08],
[9.51494015e-05,9.99419873e-01,1.37290704e-05,4.71160938e-04
,4.10232138e-09,3.17645816e-12,2.32640353e-08,2.56704944e-12
,1.29416611e-08,4.77324400e-08],
[1.87777780e-03,9.97491597e-01,5.35617536e-04,9.48625411e-05
,6.61315921e-10,1.21742332e-09,3.99490420e-08,1.83642276e-12
,3.16681581e-08,7.12400802e-08],
[2.07057761e-04,9.99571705e-01,8.65632785e-05,1.34527060e-04
,7.23516998e-09,4.23100240e-11,3.22807959e-08,2.66927570e-12
,2.29448174e-08,8.41879294e-08],
[5.98835742e-04,9.99228137e-01,1.69233029e-04,3.78620474e-06
,2.37574954e-12,1.08658009e-10,2.86600019e-09,2.38511476e-14
,1.47646429e-09,3.18462878e-09],
[1.88227789e-04,9.99645017e-01,1.09295821e-04,5.74172100e-05
,3.19831623e-10,2.12308604e-11,1.19930799e-08,4.47483664e-13
,7.23765362e-09,2.25656478e-08],
[3.43781214e-03,9.95987567e-01,5.67236796e-04,7.36205618e-06
,5.88531053e-12,2.06829043e-09,7.92024000e-09,6.51670146e-14
,4.49318197e-09,7.61501727e-09],
[8.60575124e-05,9.97356083e-01,1.36702739e-03,1.19073031e-03
,2.50690280e-10,9.85220288e-12,2.03542255e-08,8.83760401e-13
,1.47144523e-08,6.63680270e-08],
[1.94495835e-04,9.99020320e-01,2.04853893e-05,7.64532541e-04
,1.01068834e-08,1.09691178e-11,4.25548709e-08,5.96295709e-12
,2.59510047e-08,8.79289619e-08],
[9.48431549e-01,3.19375273e-02,3.78033430e-03,1.55939738e-02
,1.48116048e-06,2.39736073e-04,4.13519061e-06,1.60477650e-09
,6.48024924e-06,4.78179619e-06],
[2.71190389e-02,1.16932968e-02,9.54870340e-01,7.73168270e-08
,1.30461264e-05,6.30057968e-03,2.94959994e-07,1.07170935e-11
,1.04612205e-06,2.28006226e-06],
[9.14428075e-04,9.98798548e-01,3.37193317e-05,2.53205832e-04
,2.58605632e-10,5.69105400e-10,1.95566458e-08,8.71356041e-13
,1.35364863e-08,6.49583704e-08],
[7.89770134e-04,9.99089905e-01,7.98934765e-05,4.03936745e-05
,5.05008288e-11,3.50344719e-10,9.73459829e-09,2.27435344e-13
,6.20802238e-09,2.13839465e-08],
[7.30885696e-04,9.98750271e-01,5.17743145e-04,1.09386925e-06
,1.39336131e-12,2.59740603e-10,2.34006957e-09,1.25737800e-14
,1.28665418e-09,2.55587157e-09],
[1.10044508e-03,9.98516960e-01,3.81187872e-04,1.40185551e-06
,4.65427985e-13,3.61658477e-10,2.03588665e-09,1.01824404e-14
,1.09442162e-09,2.05342345e-09],
[1.21624305e-04,9.99651473e-01,2.27348563e-05,2.04099941e-04
,2.03161953e-09,5.93715095e-12,1.86925627e-08,1.49532978e-12
,1.06115575e-08,3.63370489e-08],
[1.76414640e-04,9.99552488e-01,1.99040994e-05,2.51121716e-04
,1.50815580e-09,1.13608883e-11,1.95271639e-08,1.48394163e-12
,1.11580238e-08,3.95550998e-08],
[1.55023746e-04,9.99576531e-01,2.85306052e-05,2.39819700e-04
,3.15538314e-09,1.14152913e-11,2.40696383e-08,2.25181505e-12
,1.49900378e-08,5.28814216e-08],
[2.32410514e-04,9.99221682e-01,5.30768017e-04,1.50394609e-05
,4.30610074e-09,1.04538406e-10,2.35181863e-08,1.01964746e-12
,1.81168696e-08,5.36794730e-08],
[6.68555155e-02,7.62039209e-01,1.71040915e-01,7.08797073e-07
,1.31938309e-09,6.31788339e-05,7.82285798e-08,4.48086287e-13
,1.11641582e-07,2.82055887e-07],
[3.67167224e-02,3.42766157e-04,5.31270332e-03,3.71220830e-04
,9.56706416e-01,4.98648637e-04,1.15150325e-05,1.59616493e-08
,2.38913340e-05,1.61004872e-05],
[3.28365237e-03,9.95153266e-01,1.82506474e-04,1.37984494e-03
,7.87216738e-09,7.71831083e-09,1.20837874e-07,1.16472351e-11
,1.11592355e-07,4.81693011e-07],
[2.16156671e-03,9.96431094e-01,1.36342458e-03,4.38592976e-05
,1.90049635e-11,3.03987948e-09,1.38721676e-08,1.75538433e-13
,1.00614205e-08,2.88850297e-08],
[3.94259139e-04,9.98518395e-01,1.05254799e-03,3.43146634e-05
,1.22358246e-07,3.73359678e-10,8.28337230e-08,6.06390100e-12
,7.12764910e-08,2.06193730e-07],
[3.59419303e-03,9.95239034e-01,2.83251875e-04,8.82742863e-04
,6.83480144e-08,2.56846335e-09,2.15565554e-07,1.89555644e-11
,1.48135552e-07,3.43649404e-07],
[2.82482855e-04,9.99611884e-01,8.15693976e-05,2.40383928e-05
,9.95254797e-11,3.30354844e-11,8.23346086e-09,2.24292448e-13
,4.68874278e-09,1.26297657e-08],
[1.87826186e-04,9.98480274e-01,3.08201599e-04,1.02355486e-03
,8.24677883e-10,2.47914848e-11,3.04875221e-08,2.27514276e-12
,2.26866971e-08,8.90139798e-08],
[4.33925804e-04,9.99428059e-01,1.30808228e-04,7.19525247e-06
,1.03505128e-11,6.59491271e-11,4.25146380e-09,5.52056122e-14
,2.27125922e-09,5.31352399e-09],
[5.63840728e-04,9.98879534e-01,4.22005194e-04,1.34225553e-04
,2.96420097e-08,3.50389478e-10,7.92478361e-08,8.73567222e-12
,7.19994681e-08,2.13356981e-07],
[9.52137704e-05,3.83406710e-07,9.98966191e-01,1.36060229e-14
,9.17647967e-17,9.38212198e-04,1.28034546e-12,4.25968771e-18
,1.39812689e-11,5.67949340e-12],
[6.67887752e-04,9.99092862e-01,2.36400546e-04,2.84298910e-06
