# -*- coding: utf-8 -*-
a=[
[0.35331548,0.0955705,0.07611703,0.31756241,0.15743458],
[0.27964894,0.09897402,0.07891913,0.41464668,0.12781123],
[0.3361133,0.09519526,0.07550174,0.3789049,0.1142848,],
[0.51728741,0.08124563,0.06477493,0.21895679,0.11773525],
[0.34330679,0.0821315,0.06451198,0.18602258,0.32402715],
[0.59390655,0.07319236,0.05868645,0.18154111,0.09267353],
[0.44721326,0.08804084,0.07026586,0.2984661,0.09601394],
[0.63618165,0.06797925,0.05461662,0.17366825,0.06755423],
[0.22760592,0.09995514,0.07920282,0.42554758,0.16768853],
[0.38807297,0.09240847,0.07324814,0.31489868,0.13137175],
[0.2325866,0.09679458,0.07607365,0.3435863,0.25095887],
[0.51682368,0.07885778,0.06276602,0.18231777,0.15923475],
[0.34498719,0.09472017,0.07513995,0.3721376,0.11301509],
[0.31581129,0.09603299,0.07611952,0.30856911,0.2034671,],
[0.35547421,0.09516766,0.07564264,0.32500958,0.14870591],
[0.5721006,0.07575069,0.06064135,0.20430173,0.08720562],
[0.14358473,0.09356375,0.07278066,0.39578782,0.29428304],
[0.42560198,0.08971194,0.07134336,0.30384657,0.10949615],
[0.31057512,0.09741545,0.07725024,0.35700737,0.15775182],
[0.20693207,0.09631443,0.07513103,0.37452076,0.24710171],
[0.59663965,0.07304072,0.05863681,0.19354292,0.0781399,],
[0.30138943,0.09669321,0.07616769,0.35838049,0.16736917],
[0.38170685,0.09097204,0.07199226,0.26068453,0.19464432],
[0.50482875,0.08260002,0.06577741,0.23757527,0.10921855],
[0.48051936,0.07650163,0.06027724,0.16107814,0.22162362],
[0.77698468,0.0484387,0.03969925,0.09021121,0.04466614],
[0.48899458,0.08441776,0.06735003,0.25786389,0.10137374],
[0.51485415,0.08201306,0.06560738,0.24614231,0.0913831,],
[0.79121851,0.04529725,0.03707426,0.07337363,0.05303634],
[0.26479396,0.09779635,0.07699761,0.36433275,0.19607933],
[0.51018216,0.07459957,0.05905592,0.15113033,0.20503202],
[0.5679816,0.07613824,0.06090996,0.2083532,0.086617,],
[0.57801092,0.07530207,0.06066995,0.21807849,0.06793856],
[0.28484745,0.09747805,0.07695135,0.40013695,0.1405862,],
[0.45933521,0.08559821,0.06800012,0.22813411,0.15893235],
[0.27852222,0.09877828,0.07831132,0.38220665,0.16218152],
[0.50477576,0.08271418,0.06592223,0.23743566,0.10915217],
[0.49993517,0.08315523,0.06642705,0.26293912,0.08754343],
[0.48568253,0.08410443,0.06704845,0.27731284,0.08585176],
[0.35329747,0.09457306,0.07500387,0.35553619,0.12158941],
[0.47041213,0.08569941,0.06807765,0.26240721,0.1134036,],
[0.32973857,0.09635037,0.07639378,0.34495123,0.15256605],
[0.38340911,0.0927644,0.07353106,0.31706213,0.13323329],
[0.48957129,0.0836763,0.06654666,0.26776824,0.09243751],
[0.55257673,0.07847138,0.0630319,0.2142173,0.09170269],
[0.20434488,0.09799655,0.07753375,0.49586516,0.12425966],
[0.12988277,0.08937721,0.06937526,0.35123892,0.36012584],
[0.45622754,0.0855631,0.06835639,0.21228433,0.17756864],
[0.46597441,0.08650257,0.06889402,0.26350341,0.11512559],
[0.37851396,0.09324285,0.07421114,0.34320772,0.11082433],
[0.21553415,0.09824328,0.07753075,0.473926,0.13476582],
[0.36634384,0.09425073,0.07482951,0.3237396,0.14083632],
[0.33698163,0.09540873,0.07559568,0.36740866,0.12460529],
[0.63841188,0.06735191,0.0540421,0.15320868,0.08698544],
[0.30077823,0.09717538,0.07678389,0.35059559,0.17466691],
[0.73552537,0.054547,0.04427811,0.11526493,0.05038459],
[0.3527929,0.09584429,0.07656835,0.35301206,0.1217824,],
[0.45511927,0.08490254,0.06748925,0.21334793,0.17914101],
[0.32700533,0.09554542,0.07536818,0.36274623,0.13933484],
[0.41904313,0.09152581,0.07334595,0.27359504,0.14249006],
[0.40211911,0.09071066,0.07177573,0.27767147,0.15772303],
[0.31971062,0.09776395,0.07809158,0.37628098,0.12815287],
[0.51087755,0.08111312,0.06452207,0.20932426,0.13416298],
[0.46591437,0.08116937,0.06403795,0.19183375,0.19704456],
[0.30066172,0.09484367,0.07472444,0.30082173,0.22894843],
[0.48952392,0.08169941,0.06468686,0.20533358,0.15875623],
[0.68170522,0.06178101,0.04983206,0.15626411,0.05041761],
[0.53261783,0.08026468,0.06426903,0.2322928,0.09055568],
[0.26521869,0.09846397,0.07774506,0.39989001,0.15868227],
[0.5038868,0.08259253,0.06586434,0.25860798,0.08904836],
[0.36134812,0.09413604,0.07452955,0.32633747,0.14364882],
[0.27330596,0.09753677,0.07702373,0.42185685,0.13027668],
[0.40298753,0.09138295,0.07255579,0.28425136,0.14882237],
[0.34515554,0.09516455,0.07533583,0.33567883,0.14866525],
[0.75462094,0.05190222,0.04235967,0.10355324,0.04756393],
[0.31343702,0.09682412,0.07658955,0.35985224,0.15329707],
[0.29392083,0.09639993,0.07637948,0.42370471,0.10959506],
[0.48422187,0.08448589,0.06728084,0.26818725,0.09582416],
[0.24827223,0.09903062,0.07820693,0.39315512,0.18133509],
[0.46031677,0.0864126,0.06854627,0.25929867,0.12542568],
[0.76364915,0.0504968,0.04127046,0.09740369,0.04717988],
[0.56879273,0.07622806,0.06122422,0.21972493,0.07403006],
[0.59737196,0.0714926,0.05711089,0.1615154,0.11250915],
[0.68008442,0.06268331,0.05076777,0.13787209,0.06859242],
[0.44111574,0.08838238,0.07022894,0.28727803,0.11299491],
[0.67752609,0.06169929,0.05016586,0.17423739,0.03637137],
[0.67025344,0.06368974,0.05146376,0.16011384,0.05447922],
[0.54232288,0.07905902,0.06339258,0.23675827,0.07846725],
[0.44348866,0.08737232,0.0693356,0.30578163,0.09402179],
[0.68432254,0.06151129,0.04961415,0.13076693,0.07378509],
[0.34834942,0.09317837,0.0735993,0.28328612,0.20158679],
[0.29724506,0.09683165,0.07637789,0.3419441,0.1876013,],
[0.69179957,0.06094523,0.04961837,0.15307341,0.04456343],
[0.22482441,0.09958328,0.07870871,0.40452213,0.19236147],
[0.2875224,0.09282791,0.07322082,0.26989658,0.2765323,],
[0.54220211,0.07907524,0.06323759,0.22396064,0.09152441],
[0.31867854,0.09739434,0.0775924,0.37720991,0.1291248,],
[0.60482207,0.07174116,0.05749665,0.19337725,0.07256287],
[0.21688523,0.09779404,0.07810064,0.50759078,0.09962931],
[0.61661586,0.06924348,0.05540412,0.1521142,0.10662235],
[0.61373273,0.06883518,0.0547346,0.15268203,0.11001546],
[0.54749483,0.07822633,0.06254479,0.23086094,0.08087311],
[0.43933981,0.088688,0.07068549,0.30021489,0.10107182],
[0.47188185,0.08638653,0.06901839,0.25976659,0.11294664],
[0.60642962,0.06958262,0.05527983,0.15567721,0.11303073],
[0.56924263,0.07607428,0.06107046,0.22053506,0.07307757],
[0.40040129,0.09154363,0.07261524,0.31093921,0.12450064],
[0.4476354,0.08643082,0.06875449,0.22688444,0.17029484],
[0.20451882,0.09694095,0.07552941,0.40594422,0.2170666,],
[0.24189286,0.09754037,0.07689897,0.45800379,0.12566399],
[0.3760119,0.09296812,0.07354702,0.32394791,0.13352505],
[0.45070132,0.08793875,0.07008582,0.26022183,0.13105228],
[0.22927401,0.0886879,0.06935804,0.25583305,0.356847,],
[0.35787294,0.08706587,0.06858498,0.21939166,0.26708455],
[0.49694979,0.08336705,0.06641691,0.23358462,0.11968164],
[0.73982387,0.05415003,0.04411396,0.11396752,0.04794462],
[0.28159013,0.09818852,0.07771407,0.39583285,0.14667442],
[0.40991657,0.08861703,0.07020123,0.24078865,0.19047652],
[0.41716091,0.08991666,0.07125446,0.30808765,0.11358032],
[0.74498988,0.05345132,0.04361857,0.10823521,0.04970502],
[0.37948486,0.09250124,0.07342731,0.34906478,0.10552181],
[0.53714964,0.0794743,0.06346425,0.21852268,0.10138912],
[0.51855292,0.08146859,0.06503477,0.22894274,0.10600097],
[0.26150722,0.09908386,0.07843326,0.39554059,0.16543507],
[0.57980995,0.0735192,0.05854809,0.17469347,0.11342929],
[0.37487531,0.09311277,0.07372227,0.304243,0.15404665],
[0.45369784,0.08769889,0.06993006,0.28226279,0.10641043],
[0.48232264,0.08495272,0.06777289,0.26790452,0.09704723],
[0.60670749,0.07154938,0.05732343,0.17935521,0.08506448],
[0.32834703,0.09597724,0.07718566,0.41033323,0.08815684],
[0.40330276,0.0914391,0.07257887,0.29255695,0.14012232],
[0.56637835,0.07629863,0.06105454,0.21380325,0.08246523],
[0.5198353,0.08145154,0.0651999,0.24717747,0.08633579],
[0.61171347,0.07067122,0.05689048,0.2036181,0.05710673],
[0.43699231,0.08876102,0.07065126,0.25839994,0.14519548],
[0.27048253,0.09846263,0.07779202,0.38804432,0.16521851],
[0.30030079,0.09729004,0.07694506,0.34611882,0.17934528],
[0.30394602,0.09733389,0.07731393,0.39662419,0.12478198],
[0.65058654,0.0661627,0.05321538,0.15409084,0.07594454],
[0.27649705,0.0989663,0.07850147,0.37666967,0.16936552],
[0.44965313,0.08771516,0.06971317,0.27396954,0.118949,],
[0.29126466,0.09449101,0.07429723,0.29931956,0.24062755],
[0.50688391,0.08275871,0.06609799,0.2448789,0.0993805,],
[0.27195454,0.0983264,0.07783862,0.41281019,0.13907024],
[0.60646004,0.07156931,0.05757332,0.20189126,0.06250606],
[0.48533648,0.0848259,0.0676618,0.25107941,0.11109641],
[0.50944702,0.08120327,0.06520646,0.28099406,0.0631492,],
[0.56191224,0.07677118,0.06140718,0.21662407,0.08328534],
[0.4619695,0.08543906,0.06802109,0.22263202,0.16193833],
[0.16796302,0.09656147,0.07541682,0.41681753,0.24324117],
[0.44827796,0.08833179,0.07075509,0.30022971,0.09240545],
[0.38818646,0.09225169,0.07304633,0.30843334,0.13808217],
[0.23222243,0.09908949,0.07816915,0.39531627,0.19520265],
[0.38487455,0.09289455,0.07373884,0.31416776,0.1343243,],
[0.32099999,0.09681429,0.07710772,0.38672859,0.11834941],
[0.34054705,0.09615405,0.07646596,0.32710903,0.15972391],
[0.73642045,0.05469455,0.04455995,0.11601552,0.04830953],
[0.63089316,0.06868695,0.05524318,0.15905844,0.08611827],
[0.35455369,0.09456155,0.07516913,0.36256228,0.11315335],
[0.73967782,0.05397837,0.04388564,0.11655352,0.04590465],
[0.58021574,0.07479222,0.06002966,0.21260135,0.07236104],
[0.51354457,0.08158701,0.06494389,0.24269502,0.09722951],
[0.45590613,0.08684552,0.06888235,0.27412346,0.11424253],
[0.43305321,0.09114836,0.07350406,0.29705679,0.10523759],
[0.67048035,0.06364728,0.051352,0.15638578,0.05813459],
[0.53511828,0.07999109,0.06401464,0.22245186,0.09842413],
[0.48048985,0.0853134,0.06806403,0.2590588,0.10707392],
[0.391032,0.09110958,0.07182046,0.28983705,0.15620092],
[0.30741552,0.0942329,0.07422704,0.2928071,0.23131745],
[0.40207314,0.09127955,0.07231946,0.3030522,0.13127566],
[0.22696227,0.09765967,0.07718322,0.47859276,0.11960208],
[0.26280526,0.09875517,0.07805548,0.37897834,0.18140575],
[0.39542668,0.09193633,0.07293554,0.31505364,0.12464781],
[0.51371442,0.08128142,0.06458552,0.22592993,0.1144887,],
[0.34355289,0.09550119,0.07574856,0.34880255,0.13639481],
[0.29132839,0.0966747,0.07639623,0.4151005,0.12050017],
[0.68888051,0.06086924,0.04915255,0.12620496,0.07489274],
[0.41782291,0.09012094,0.07149618,0.27994959,0.14061038],
[0.25928914,0.0986245,0.0778353,0.38666058,0.17759048],
[0.23860686,0.09916209,0.07827261,0.40209552,0.18186291],
[0.4861331,0.08383907,0.06674158,0.27753306,0.0857532,],
[0.48273447,0.0842838,0.06690454,0.26526134,0.10081585],
[0.39939672,0.09098832,0.07279744,0.35350892,0.0833086,],
[0.37036826,0.09406359,0.07477248,0.30590041,0.15489527],
[0.50755674,0.08289314,0.06639271,0.25259803,0.09055937],
[0.57180656,0.07494069,0.06003139,0.22979455,0.06342682],
[0.64048935,0.06760187,0.05438652,0.16226381,0.07525846],
[0.32054775,0.09588031,0.07577524,0.32263461,0.18516209],
[0.4261627,0.08951323,0.07101947,0.29083091,0.12247368],
[0.4556534,0.08728421,0.06943393,0.26415235,0.1234761,],
[0.31926786,0.09230171,0.07274271,0.26713693,0.24855079],
[0.55643838,0.07812924,0.06288102,0.22087323,0.08167813],
[0.45948986,0.08225384,0.06518897,0.19265013,0.20041721],
[0.30174255,0.09607833,0.07569615,0.32724922,0.19923375],
[0.36970939,0.09339478,0.07424571,0.28209493,0.18055519],
[0.80081152,0.04452407,0.03679146,0.09060214,0.02727081],
[0.37665909,0.09399999,0.07488994,0.32666931,0.12778167],
[0.41420681,0.08997608,0.07116942,0.30558471,0.11906297],
[0.55088201,0.07805111,0.06239635,0.21047809,0.09819244],
[0.22650349,0.09731898,0.07674905,0.47889878,0.1205297,],
[0.4088811,0.09104456,0.07231192,0.30746161,0.12030081],
[0.43546708,0.08526812,0.06751291,0.21422604,0.19752585],
[0.54282587,0.07929488,0.06370179,0.20002237,0.11415508],
[0.29420411,0.09591532,0.0753002,0.3362505,0.19832987],
[0.28194915,0.09833521,0.07795282,0.40045145,0.14131136],
[0.33718476,0.09555833,0.07561115,0.33630927,0.15533649],
[0.57906958,0.07500627,0.06012106,0.20495782,0.08084527],
[0.46058273,0.08600411,0.0681933,0.2449726,0.14024726],
[0.28980179,0.09717805,0.07694203,0.32591982,0.2101583,],
[0.51200312,0.08208406,0.06548448,0.23267829,0.10775005],
[0.28981981,0.08111897,0.06334297,0.18938019,0.37633806],
[0.45246209,0.08712695,0.06931827,0.24506989,0.1460228,],
[0.51806897,0.07846982,0.06239755,0.18053287,0.1605308,],
[0.44070789,0.08640531,0.06844767,0.23048512,0.173954,],
[0.21965879,0.09272851,0.07271273,0.29515683,0.31974313],
[0.40280165,0.091771,0.07306833,0.31805164,0.11430738],
[0.58223671,0.07426534,0.05944735,0.21094425,0.07310636],
[0.66580744,0.0643467,0.05188666,0.15261012,0.06534908],
[0.49845133,0.08358648,0.06699204,0.26711692,0.08385322],
[0.33774814,0.09564649,0.07573302,0.34195339,0.14891896],
[0.48711751,0.08460367,0.06747635,0.25558687,0.10521561],
[0.59400476,0.07283419,0.05818509,0.19328239,0.08169356],
[0.38173411,0.09237891,0.07299057,0.31014566,0.14275076],
[0.37908065,0.09123512,0.07203496,0.27006587,0.1875834,],
[0.29080961,0.09775039,0.07725747,0.37261266,0.16156987],
[0.77652252,0.04844239,0.03967565,0.08933453,0.04602491],
[0.52253742,0.07968081,0.06329786,0.20328024,0.13120367],
[0.39882034,0.09171804,0.07275949,0.29672278,0.13997935],
[0.61627412,0.070339,0.05635355,0.1746407,0.08239263],
[0.25872357,0.09864335,0.07785585,0.38483669,0.17994054],
[0.53356472,0.07832873,0.06244839,0.1870653,0.13859287],
[0.75932725,0.05115061,0.04177156,0.09935687,0.04839371],
[0.50035975,0.08262781,0.06594567,0.21359696,0.13746981],
[0.34145093,0.0955139,0.07576353,0.3568538,0.13041784],
[0.53585532,0.07930397,0.06328518,0.23777351,0.08378202],
[0.3766652,0.09292304,0.07363289,0.29436102,0.16241784],
[0.58385368,0.07418426,0.05947894,0.17906072,0.10342241],
[0.31253433,0.09687338,0.07674631,0.37843367,0.13541231],
[0.57983253,0.07487413,0.06003579,0.20817702,0.07708054],
[0.36495809,0.08513332,0.06703794,0.20477371,0.27809695],
[0.20479534,0.09675837,0.07645841,0.51107022,0.11091765],
[0.27146905,0.09816233,0.07767818,0.41667863,0.13601181],
[0.20401101,0.10036862,0.07973082,0.45359879,0.16229076],
[0.22835594,0.09973754,0.07890935,0.41680415,0.17619301],
[0.17894848,0.09927659,0.0783782,0.4512574,0.19213933],
[0.18568844,0.09921066,0.07831808,0.46268101,0.17410182],
[0.23423968,0.09811066,0.07739674,0.35681843,0.2334345,],
[0.18495626,0.09901301,0.07806789,0.46166567,0.17629717],
[0.17635639,0.09898086,0.07809184,0.42825326,0.21831765],
[0.20531319,0.09687922,0.07615134,0.35631947,0.26533678],
[0.1956781,0.09911011,0.07828118,0.46911982,0.15781079],
[0.21972866,0.09826064,0.07734783,0.37633487,0.228328,],
[0.2196846,0.09892675,0.07802013,0.44728601,0.1560825,],
[0.18848213,0.09921815,0.0786951,0.49047983,0.14312479],
[0.21016478,0.09974946,0.07893752,0.44593815,0.16521009],
[0.15636019,0.09563744,0.07542201,0.36649496,0.3060854,],
[0.20577447,0.10029318,0.07959949,0.44803547,0.1662974,],
[0.2051405,0.09845085,0.07885971,0.51536419,0.10218475],
[0.22890936,0.09911091,0.07814922,0.40425209,0.18957842],
[0.26612616,0.09817671,0.07765728,0.34779529,0.21024456],
[0.19995188,0.10032823,0.07975994,0.46347775,0.1564822,],
[0.14730936,0.09109727,0.07129529,0.33118109,0.35911698],
[0.23292579,0.09916341,0.07865148,0.45455604,0.13470328],
[0.16947841,0.0973907,0.07663326,0.50856651,0.14793112],
[0.20887422,0.10069033,0.08017728,0.45405384,0.15620434],
[0.20711414,0.09947187,0.0785141,0.4208154,0.19408449],
[0.18682101,0.09909137,0.0783857,0.48221313,0.15348879],
[0.1910838,0.09931105,0.07836671,0.42451926,0.20671918],
[0.25595638,0.1007935,0.08077102,0.42668075,0.13579835],
[0.18040104,0.10020532,0.07962127,0.47125626,0.16851611],
[0.09122362,0.09075297,0.07093385,0.5731936,0.17389596],
[0.21975856,0.09643635,0.07579521,0.3411316,0.26687828],
[0.21302794,0.09913394,0.07814821,0.40618366,0.20350626],
[0.20257704,0.09906054,0.07801555,0.4237187,0.19662817],
[0.19332019,0.09915594,0.07815058,0.43033386,0.19903943],
[0.15174285,0.09661832,0.07645081,0.54482241,0.1303656,],
[0.18318883,0.09905698,0.07813341,0.46262288,0.17699789],
[0.18075729,0.10136619,0.08093176,0.45054669,0.18639808],
[0.19499612,0.09925364,0.07845312,0.46888264,0.15841448],
[0.22000412,0.1010559,0.08049629,0.42332315,0.17512054],
[0.23719073,0.09241366,0.0729902,0.27126761,0.3261378,],
[0.17314658,0.09860093,0.07765391,0.46926973,0.18132885],
[0.19972429,0.09986729,0.07899696,0.43357898,0.18783248],
[0.20280028,0.1000355,0.07919851,0.42980809,0.18815762],
[0.18460225,0.09988766,0.0790834,0.43485482,0.20157186],
[0.2042263,0.09952984,0.0786202,0.41213257,0.20549109],
[0.16388958,0.09986855,0.07959295,0.50092879,0.15572013],
[0.21380592,0.09960351,0.07886492,0.45347202,0.15425363],
[0.20713311,0.09940674,0.07842967,0.42480195,0.19022853],
[0.18664909,0.09852384,0.07788298,0.49429416,0.14264993],
[0.17625953,0.09473849,0.07416311,0.35375279,0.30108609],
[0.18328384,0.09660384,0.07646293,0.53203286,0.11161652],
[0.27059675,0.1003767,0.08016733,0.37546333,0.17339589],
[0.22882885,0.1009178,0.080373,0.40057674,0.18930361],
[0.21080637,0.09927238,0.07827142,0.42037335,0.19127647],
[0.19621985,0.09671832,0.07605416,0.35761755,0.27339012],
[0.16706724,0.09318955,0.07324739,0.32784015,0.33865567],
[0.22098534,0.09893436,0.07846558,0.35605505,0.24555967],
[0.2438492,0.0985548,0.07759672,0.39076628,0.18923301],
[0.17297393,0.09118432,0.07161523,0.30074396,0.36348256],
[0.22564781,0.09970818,0.07893241,0.3912052,0.2045064,],
[0.21955847,0.10096147,0.08053154,0.44507402,0.1538745,],
[0.21305191,0.1000152,0.07921199,0.43452736,0.17319354],
[0.23602136,0.09981738,0.07911856,0.38654482,0.19849788],
[0.12727323,0.08409401,0.06559409,0.28253343,0.44050523],
[0.22067416,0.09983509,0.07908648,0.3916774,0.20872687],
[0.21373784,0.09945547,0.07849947,0.41858698,0.18972024],
[0.17049197,0.09285996,0.07306459,0.31821858,0.3453649,],
[0.17169005,0.09950068,0.07945963,0.51568168,0.13366796],
[0.31918819,0.09692093,0.07684562,0.35761859,0.14942667],
[0.1975654,0.09750128,0.07675712,0.36839105,0.25978515],
[0.2070239,0.1005508,0.07984925,0.43526415,0.1773119,],
[0.1448477,0.09746017,0.07711642,0.52712541,0.15345031],
[0.20747412,0.09976231,0.07887212,0.41802363,0.19586783],
[0.19318781,0.09911907,0.07861656,0.49002026,0.1390563,],
[0.20801284,0.09871499,0.07777459,0.39180791,0.22368966],
[0.2007805,0.09994813,0.07909391,0.42748972,0.19268774],
[0.26844914,0.09780681,0.07709211,0.3584144,0.19823754],
[0.1856843,0.10017163,0.07977631,0.48515102,0.14921674],
[0.19699156,0.09955328,0.07863986,0.42117867,0.20363664],
[0.15358586,0.09662638,0.07598539,0.40342338,0.270379,],
[0.19042761,0.09959673,0.07870389,0.44633968,0.18493208],
[0.19640744,0.09960282,0.07867972,0.43187784,0.19343218],
[0.14731761,0.0956941,0.07548184,0.55233713,0.12916932],
[0.28855125,0.09765532,0.07722171,0.39600746,0.14056426],
[0.20911848,0.09976188,0.0788805,0.43435403,0.17788512],
[0.20832541,0.0994532,0.07852498,0.44046047,0.17323595],
[0.18107084,0.09578268,0.07517313,0.35916277,0.28881058],
[0.21978367,0.1000141,0.07924435,0.432455,0.16850287],
[0.19317549,0.09924568,0.07825671,0.43214376,0.19717837],
[0.19961311,0.10028289,0.07954668,0.44592476,0.17463256],
[0.21037993,0.09802372,0.07808926,0.50608189,0.10742521],
[0.24136012,0.09721609,0.07709196,0.31917236,0.26515946],
[0.10676342,0.07075395,0.05471649,0.20580595,0.56196018],
[0.11978349,0.09413724,0.07518402,0.60119527,0.10969998],
[0.26210022,0.09644752,0.07616567,0.31671499,0.2485716,],
[0.19754297,0.0867999,0.06775237,0.25489315,0.39301162],
[0.20563184,0.09814685,0.07727141,0.37883421,0.24011568],
[0.22272443,0.10005847,0.07930561,0.39952055,0.19839095],
[0.20641467,0.09872399,0.0776891,0.40340374,0.2137685,],
[0.20786791,0.0998446,0.07910526,0.45339637,0.15978586],
[0.20593039,0.09941975,0.078449,0.42194535,0.19425552],
[0.11115567,0.09407777,0.07385131,0.54469418,0.17622106],
[0.19758999,0.09977093,0.07888304,0.43560552,0.18815053],
[0.19785055,0.10039815,0.07982919,0.46329699,0.15862513],
[0.22690077,0.09907647,0.07839706,0.36913482,0.22649087],
[0.15176556,0.09923087,0.07956411,0.53717175,0.13226771],
[0.20529423,0.09999248,0.07915652,0.43523226,0.18032451],
[0.19579908,0.09022205,0.07057773,0.28406181,0.35933933],
[0.26658642,0.09936096,0.07911428,0.34651081,0.20842753],
[0.24406708,0.0971009,0.07701354,0.31635966,0.26545882],
[0.1472746,0.10613212,0.08826013,0.5249262,0.13340694],
[0.238707,0.10120547,0.08090376,0.42513557,0.1540482,],
[0.18066208,0.10057909,0.07996018,0.43604732,0.20275134],
[0.19241367,0.10295745,0.0830372,0.39529183,0.22629985],
[0.19432744,0.10603917,0.08708539,0.4674481,0.1450999,],
[0.21751566,0.09969478,0.07880342,0.41447106,0.18951509],
[0.13533244,0.08617698,0.06697751,0.30143591,0.41007715],
[0.2054755,0.09911402,0.07819363,0.39991278,0.21730406],
[0.20206279,0.10263555,0.08276305,0.46745139,0.14508722],
[0.16667446,0.10499226,0.08608439,0.49672763,0.14552126],
[0.17046823,0.09832967,0.07740912,0.48153067,0.17226231],
[0.2780575,0.09777158,0.07731273,0.34266792,0.20419026],
[0.15999327,0.1002986,0.08106863,0.53874661,0.11989289],
[0.21616519,0.10457486,0.0848705,0.41301288,0.18137656],
[0.25642545,0.10027485,0.08068559,0.32164267,0.24097144],
[0.21611766,0.1043222,0.08455801,0.41786641,0.17713572],
[0.18882722,0.09870716,0.0780529,0.49014161,0.14427111],
[0.12366717,0.09206414,0.07308665,0.61380674,0.0973753,],
[0.23962787,0.10240232,0.08327886,0.46233796,0.112353,],
[0.14389866,0.10131535,0.0820495,0.5294054,0.14333109],
[0.24236329,0.10135833,0.08117664,0.36978615,0.2053156,],
[0.23949707,0.10540511,0.08644275,0.43258328,0.1360718,],
[0.11325602,0.09623463,0.07613099,0.50806891,0.20630945],
[0.18207981,0.0987206,0.07774133,0.46567832,0.17577995],
[0.20456242,0.09962067,0.07870923,0.4388209,0.17828678],
[0.20091488,0.0999403,0.07913274,0.44698451,0.17302756],
[0.21058061,0.10452936,0.08537652,0.46758945,0.13192406],
[0.19958711,0.09977035,0.07891995,0.44695134,0.17477125],
[0.25309919,0.10769933,0.08945352,0.40994196,0.13980599],
[0.19165433,0.09978634,0.07896384,0.45310935,0.17648614],
[0.205182,0.1037509,0.08386678,0.4386871,0.16851322],
[0.16725133,0.09869438,0.07821537,0.39759035,0.25824857],
[0.22864973,0.1002774,0.07976617,0.37601204,0.21529466],
[0.27569491,0.10072453,0.08071701,0.36366879,0.17919477],
[0.23800537,0.1007569,0.08024268,0.39560948,0.18538557],
[0.2105016,0.10053054,0.07991116,0.44609245,0.16296424],
[0.21243391,0.10006212,0.07925995,0.43310228,0.17514174],
[0.21497675,0.1031056,0.08318814,0.44457433,0.15415518],
[0.19823911,0.10296471,0.08286417,0.44145579,0.17447622],
[0.26689585,0.10023004,0.07996237,0.39752307,0.15538867],
[0.20487249,0.10038752,0.07986727,0.46258523,0.15228749],
[0.18446468,0.10152084,0.08138219,0.47968253,0.15294975],
[0.1716917,0.10331073,0.08437975,0.51447714,0.12614068],
[0.20843651,0.09989434,0.08008846,0.49592918,0.11565151],
[0.15872775,0.10164529,0.08199709,0.50918858,0.14844129],
[0.21995955,0.10255313,0.0823504,0.41730666,0.17783027],
[0.16102757,0.10359966,0.08498157,0.5255056,0.1248856,],
[0.09839234,0.09349377,0.07354487,0.48459963,0.24996939],
[0.18060623,0.09974282,0.07920366,0.40000836,0.24043893],
[0.19346573,0.10119009,0.08069892,0.45231293,0.17233234],
[0.21105414,0.10200485,0.081699,0.43828827,0.16695374],
[0.22522638,0.10468732,0.08513764,0.42490829,0.16004037],
[0.20821294,0.10695716,0.08811155,0.44641467,0.15030368],
[0.21182084,0.10457661,0.08491529,0.43192096,0.1667663,],
[0.24112023,0.10278757,0.08287763,0.41743884,0.15577574],
[0.17367638,0.09845671,0.07829418,0.52095119,0.12862154],
[0.21758015,0.09940857,0.07848674,0.40449499,0.20002955],
[0.25430713,0.10313108,0.08362877,0.35265026,0.20628277],
[0.20388068,0.10297953,0.08292978,0.44488449,0.16532552],
[0.18347369,0.10154946,0.0815859,0.48936764,0.14402331],
[0.2434419,0.10070602,0.08023826,0.38888994,0.18672387],
[0.17877298,0.10427292,0.08476171,0.47194693,0.16024545],
[0.20659006,0.10121927,0.08068351,0.43686391,0.17464325],
[0.18711742,0.10029908,0.07989079,0.48212061,0.1505721,],
[0.16600744,0.09869614,0.07872422,0.37065086,0.28592134],
[0.25046476,0.09990428,0.07954099,0.3590136,0.21107637],
[0.19281265,0.10558537,0.08613879,0.42766193,0.18780127],
[0.20390449,0.09978013,0.07888858,0.43293727,0.18448953],
[0.26521073,0.09557143,0.07551019,0.30166648,0.26204117],
[0.20556445,0.10328818,0.08344106,0.45446666,0.15323966],
[0.21174774,0.10062571,0.08004192,0.44618228,0.16140235],
[0.07071252,0.08463389,0.06570697,0.63593037,0.14301625],
[0.40266557,0.09112189,0.0724032,0.32895494,0.10485441],
[0.19489494,0.09803984,0.07740688,0.49559709,0.13406125],
[0.25017575,0.09862705,0.07812355,0.44074841,0.13232523],
[0.16680437,0.10027981,0.08043762,0.51647839,0.1359998,],
[0.18551573,0.09877837,0.0778615,0.47156361,0.1662808,],
[0.10207161,0.08577799,0.06622607,0.36347987,0.38244446],
[0.16788848,0.09106105,0.07128745,0.3102168,0.35954621],
[0.15497646,0.0975453,0.07702998,0.51969828,0.15074998],
[0.25071016,0.09788593,0.07744965,0.33723831,0.23671595],
[0.08343494,0.08020987,0.06156662,0.34227692,0.43251165],
[0.16949872,0.09824552,0.07743808,0.49193446,0.16288322],
[0.09065094,0.09054681,0.07050631,0.55272165,0.19557429],
[0.18698519,0.09859106,0.07761811,0.4700729,0.16673274],
[0.19226608,0.09860403,0.07757529,0.4121839,0.2193707,],
[0.25490931,0.0993194,0.07863906,0.40016264,0.16696959],
[0.15663495,0.09531899,0.07518862,0.55567827,0.11717917],
[0.14992713,0.09623659,0.07509294,0.472432,0.20631135],
[0.17943937,0.09859612,0.07793483,0.49520842,0.14882126],
[0.20140955,0.09994259,0.07918322,0.45313521,0.16632942],
[0.16535761,0.0973389,0.07767745,0.54895217,0.11067386],
[0.16330793,0.09843953,0.07753773,0.46677813,0.19393669],
[0.18900093,0.09741312,0.07615431,0.46783178,0.16959985],
[0.31399403,0.09631364,0.0761731,0.32489322,0.18862601],
[0.22446136,0.09832514,0.07740059,0.37684159,0.22297132],
[0.2162608,0.09880323,0.07779384,0.44309474,0.16404739],
[0.06777506,0.08469157,0.06555588,0.61452809,0.1674494,],
[0.20225501,0.09883178,0.07788815,0.46101249,0.16001256],
[0.05113894,0.07824126,0.06068293,0.68818582,0.12175104],
[0.15309631,0.09536988,0.07494443,0.54688713,0.12970225],
[0.21066015,0.09887078,0.07866454,0.49120722,0.12059731],
[0.19067172,0.09928916,0.07863481,0.48081182,0.15059249],
[0.20302795,0.09927104,0.07829889,0.44391344,0.17548869],
[0.21959348,0.09867348,0.07778927,0.454116,0.14982777],
[0.21024779,0.09921138,0.07820121,0.41770269,0.19463694],
[0.15592863,0.09778363,0.07704811,0.50125545,0.16798418],
[0.44308147,0.08749963,0.06986961,0.31837957,0.08116972],
[0.17390312,0.09897829,0.07810003,0.46706591,0.18195265],
[0.14070312,0.09396624,0.07387969,0.57153905,0.11991189],
[0.18681136,0.09529178,0.07575204,0.55109228,0.09105254],
[0.17787763,0.09947622,0.07867792,0.46474742,0.1792208,],
[0.18335257,0.09584349,0.07617012,0.54777912,0.09685469],
[0.11473378,0.09247063,0.07174732,0.45849072,0.26255755],
[0.15869899,0.09315822,0.07368246,0.58338677,0.09107355],
[0.07525219,0.08348973,0.06479697,0.6604852,0.11597591],
[0.21536859,0.09899836,0.07815886,0.45577295,0.15170124],
[0.18354083,0.09582979,0.07563606,0.53620028,0.10879304],
[0.14422003,0.09665981,0.07595861,0.51547288,0.16768867],
[0.23169256,0.09840192,0.07732282,0.39723204,0.19535065],
[0.22382394,0.09801657,0.0771208,0.45950038,0.1415383,],
[0.20291544,0.099708,0.07881076,0.43767269,0.18089311],
[0.19549257,0.09948682,0.07854857,0.42695418,0.19951786],
[0.13956433,0.09152699,0.07195314,0.60031807,0.09663747],
[0.14143837,0.09363633,0.07358392,0.57485209,0.11648929],
[0.12143274,0.09343554,0.07258398,0.46302266,0.24952507],
[0.29626925,0.09709232,0.07657124,0.35683639,0.1732308,],
[0.08786275,0.09073853,0.07136936,0.59217705,0.1578523,],
[0.18602481,0.09679497,0.0765984,0.52743831,0.11314351],
[0.19765895,0.09960578,0.07875342,0.45352214,0.17045971],
[0.21135836,0.09933565,0.0784537,0.44820253,0.16264976],
[0.20936476,0.09833315,0.07734335,0.46172988,0.15322885],
[0.10574795,0.09331101,0.07305647,0.53885667,0.1890279,],
[0.13033729,0.09415868,0.07368972,0.5540459,0.14776842],
[0.1802567,0.09610559,0.07585647,0.5348875,0.11289375],
[0.12451694,0.09211986,0.07249045,0.59885553,0.11201722],
[0.20275827,0.09889994,0.07828665,0.48108146,0.13897368],
[0.14063687,0.09458141,0.07393549,0.40427434,0.28657188],
[0.24564728,0.09853965,0.07775204,0.36856039,0.20950064],
[0.17047996,0.09823732,0.07720718,0.46273443,0.19134111],
[0.21923002,0.09749293,0.07717497,0.4922299,0.11387218],
[0.10867247,0.09183677,0.07117546,0.47054068,0.25777462],
[0.07983554,0.08726253,0.06761133,0.59604828,0.16924232],
[0.22586555,0.09891517,0.07826679,0.45855365,0.13839883],
[0.29387649,0.09717129,0.07666741,0.38627352,0.1460113,],
[0.05397787,0.06980821,0.05298834,0.31645141,0.50677417],
[0.15617337,0.09317258,0.07339723,0.57888787,0.09836895],
[0.17393788,0.09801916,0.0772666,0.49941517,0.15136119],
[0.12789334,0.09000099,0.07105652,0.62456152,0.08648763],
[0.24251667,0.09826054,0.07778155,0.45608382,0.12535742],
[0.19217589,0.09862055,0.07787324,0.48444675,0.14688357],
[0.16539914,0.09716736,0.07752989,0.55076942,0.10913419],
[0.19524044,0.09736328,0.07604776,0.46163877,0.16970974],
[0.19856807,0.09946424,0.07863339,0.45993817,0.16339612],
[0.17042618,0.09406124,0.07434711,0.56683492,0.09433054],
[0.06196027,0.07185165,0.05492803,0.30287486,0.50838519],
[0.1109062,0.09125544,0.07103356,0.41523518,0.31156963],
[0.17658734,0.09777529,0.07666888,0.42408516,0.22488333],
[0.16078802,0.09691321,0.07664661,0.53661962,0.12903255],
[0.17414417,0.09654658,0.07645222,0.53920253,0.1136545,],
[0.15532335,0.09621927,0.075826,0.54003558,0.13259581],
[0.21965506,0.09863226,0.07775229,0.37969272,0.22426767],
[0.21190845,0.09850609,0.0777927,0.47392199,0.13787077],
[0.20893573,0.09912114,0.07815294,0.44635082,0.16743937],
[0.11316265,0.09232846,0.07398893,0.6259908,0.09452916],
[0.10110495,0.08422206,0.06644366,0.67842487,0.06980446],
[0.21700483,0.09868514,0.07782644,0.45824181,0.14824178],
[0.24964818,0.09821163,0.07729675,0.37680135,0.1980421,],
[0.11262995,0.08482588,0.06779713,0.67858885,0.05615819],
[0.19060038,0.09909897,0.07822461,0.4673496,0.16472644],
[0.23067615,0.09826756,0.07746971,0.45402228,0.1395643,],
[0.17362203,0.09656684,0.07606247,0.52702583,0.12672283],
[0.10069292,0.09087278,0.07058178,0.56495201,0.17290051],
[0.20561434,0.10150165,0.08157994,0.47806274,0.13324133],
[0.18178861,0.10001652,0.0797223,0.49442496,0.14404762],
[0.08001226,0.08740821,0.06791926,0.60490057,0.1597597,],
[0.16378444,0.09438793,0.07336697,0.38598145,0.28247922],
[0.18268867,0.09823849,0.0781969,0.52209027,0.11878567],
[0.14077221,0.09373351,0.07360193,0.57204237,0.11984998],
[0.16075398,0.09315925,0.0732079,0.33395121,0.33892766],
[0.15098241,0.09487484,0.07441792,0.55075294,0.12897189],
[0.24538541,0.09894387,0.07806939,0.40484661,0.17275472],
[0.15635451,0.096546,0.07548751,0.49686267,0.17474931],
[0.09748108,0.08692305,0.06854531,0.65708769,0.08996286],
[0.09561443,0.0903534,0.07004446,0.55357561,0.1904121,],
[0.16982276,0.09580195,0.07595721,0.55315264,0.10526545],
[0.11015866,0.09224484,0.07154672,0.47783885,0.24821094],
[0.10630768,0.08683155,0.06942244,0.66933125,0.06810709],
[0.22357759,0.09914249,0.07815046,0.41383435,0.18529511],
[0.14743629,0.09399398,0.07369411,0.56384945,0.12102616],
[0.14249377,0.09400308,0.07381146,0.56773029,0.12196141],
[0.15647957,0.09606886,0.07558973,0.5380444,0.13381744],
[0.14971152,0.0949545,0.07485378,0.56156969,0.11891051],
[0.21090669,0.09910768,0.0781099,0.40788042,0.20399531],
[0.13792133,0.09438275,0.07433603,0.56980795,0.12355194],
[0.20417656,0.09916248,0.07813217,0.42746944,0.19105935],
[0.13852637,0.09230084,0.07202297,0.36881413,0.32833569],
[0.19006993,0.09877074,0.07802762,0.48354257,0.14958914],
[0.14570049,0.09483833,0.07476314,0.56425558,0.12044246],
[0.14610578,0.09662652,0.0756404,0.46838362,0.21324368],
[0.24799634,0.09669369,0.07655835,0.4746955,0.10405611],
[0.08040487,0.08285703,0.06606402,0.70107852,0.06959556],
[0.24036291,0.09814265,0.07722412,0.3722836,0.21198672],
[0.2026333,0.09879224,0.07778652,0.45540469,0.16538325],
[0.18211518,0.09979562,0.07899236,0.45107449,0.18802234],
[0.18722682,0.09116921,0.07239859,0.58248754,0.06671784],
[0.15871543,0.0925294,0.07306619,0.58704995,0.08863902],
[0.18728071,0.09916552,0.07819414,0.44886674,0.18649289],
[0.18237921,0.09854443,0.07756425,0.47071822,0.17079388],
[0.08151162,0.07774941,0.06162632,0.72869125,0.0504214,],
[0.16434208,0.0943098,0.07448431,0.5664453,0.10041851],
[0.24385003,0.09734146,0.0769459,0.46644663,0.11541598],
[0.2215028,0.09920693,0.07824228,0.40493935,0.19610863],
[0.14381162,0.09646203,0.07563282,0.50693679,0.17715674],
[0.24767091,0.09920654,0.07842454,0.38819854,0.18649947],
[0.09976596,0.09147046,0.07144861,0.5726038,0.16471117],
[0.13169246,0.09458617,0.0738798,0.53574323,0.16409835],
[0.24067891,0.09861355,0.07761771,0.40881812,0.17427172],
[0.14195657,0.09346985,0.07366726,0.58228452,0.1086218,],
[0.10187561,0.08772667,0.06889375,0.64404236,0.09746161],
[0.21087365,0.09683669,0.07579932,0.36992276,0.24656758],
[0.19539539,0.09970661,0.07880888,0.43435249,0.19173663],
[0.18972526,0.09778431,0.07721366,0.50421752,0.13105926],
[0.14113752,0.09590261,0.07611324,0.56478192,0.12206471],
[0.19217211,0.09622397,0.07615205,0.53042924,0.10502263],
[0.08677708,0.08220636,0.06309742,0.36224002,0.40567912],
[0.07215499,0.08498085,0.06589097,0.62925712,0.14771606],
[0.10876412,0.08849406,0.0683535,0.39258147,0.34180684],
[0.1417914,0.0936241,0.07379488,0.58058597,0.11020366],
[0.25614683,0.09777776,0.07738723,0.44798916,0.12069902],
[0.11822168,0.09277331,0.07209545,0.44434875,0.27256082],
[0.09738094,0.09254793,0.0724084,0.51855322,0.2191095,],
[0.12754831,0.0918371,0.07244946,0.60584525,0.10231988],
[0.17729078,0.09855113,0.07766735,0.48021673,0.16627401],
[0.1729322,0.09797511,0.07737662,0.50854413,0.14317195],
[0.12451419,0.09456245,0.07520268,0.58805668,0.117664,],
[0.23327225,0.09915548,0.07822343,0.41148179,0.17786705],
[0.19149985,0.09848,0.07779972,0.49025872,0.14196171],
[0.07448544,0.08609542,0.0667214,0.60914613,0.16355161],
[0.05885816,0.08094625,0.06294165,0.67279108,0.12446287],
[0.1866478,0.09626327,0.07578745,0.52317521,0.11812626],
[0.13327953,0.09241282,0.07263556,0.59217355,0.10949853],
[0.23936966,0.098763,0.07798153,0.43628016,0.14760564],
[0.21131483,0.09646839,0.07695873,0.52472227,0.09053579],
[0.13557836,0.09384179,0.0741722,0.58440234,0.11200532],
[0.19125992,0.09827154,0.07725344,0.47252095,0.16069416],
[0.11331243,0.09276688,0.07218427,0.45516045,0.26657597],
[0.16167444,0.09676996,0.07560348,0.43959793,0.22635419],
[0.16663611,0.09742617,0.0765619,0.5016566,0.15771922],
[0.1518491,0.09481266,0.07396404,0.39878942,0.28058478],
[0.20947127,0.09975724,0.07903201,0.45525261,0.15648688],
[0.15426078,0.09392641,0.07355274,0.36288968,0.31537039],
[0.19050284,0.09902831,0.07815895,0.46943079,0.16287912],
[0.19918226,0.10002543,0.07971287,0.48369772,0.13738173],
[0.14475002,0.0981197,0.07795509,0.52801265,0.15116254],
[0.07089408,0.08389913,0.06465875,0.62905222,0.15149581],
[0.16480317,0.09270286,0.07314659,0.58069203,0.08865535],
[0.18609895,0.09926369,0.07850861,0.47583379,0.16029496],
[0.13239673,0.09221752,0.07244882,0.59383623,0.1091007,],
[0.18098551,0.09848557,0.07740233,0.45170423,0.19142236],
[0.11478088,0.08084094,0.06282018,0.27213321,0.46942479],
[0.14998178,0.09726932,0.07633121,0.46360453,0.21281316],
[0.13868461,0.09575862,0.07479828,0.46168657,0.22907192],
[0.17621622,0.09852537,0.07765348,0.48170025,0.16590468],
[0.15996183,0.09755336,0.07667234,0.49574222,0.17007026],
[0.21245864,0.09921006,0.07820286,0.41641906,0.19370938],
[0.15692392,0.09660229,0.07634068,0.54064113,0.12949198],
[0.14489873,0.09474797,0.07482218,0.56938661,0.11614451],
[0.25769681,0.10034695,0.07995192,0.39903182,0.1629725,],
[0.18174959,0.09480025,0.07459077,0.54412972,0.10472966],
[0.16261321,0.09321773,0.0736124,0.57832821,0.09222845],
[0.13514952,0.09602013,0.07517153,0.47269444,0.22096438],
[0.16211223,0.09933806,0.07923241,0.51724361,0.14207368],
[0.12953399,0.09195266,0.07233676,0.59969052,0.10648606],
[0.2622437,0.09841443,0.07786991,0.35189665,0.20957531],
[0.1582475,0.0954594,0.0750095,0.5441763,0.1271073],
[0.17680539,0.09762719,0.07679444,0.49959629,0.14917669],
[0.15802468,0.09818469,0.07820219,0.53542191,0.13016653],
[0.15855747,0.09558563,0.07515194,0.54358612,0.12711884],
[0.20871259,0.09848487,0.07768768,0.47229969,0.14281517],
[0.16024139,0.09473528,0.07390676,0.38404408,0.28707249],
[0.21298138,0.09886784,0.07795214,0.45449643,0.1557022,],
[0.20425255,0.09933028,0.07833753,0.43293183,0.18514781],
[0.20929238,0.10119057,0.08074051,0.44753883,0.16123772],
[0.10438493,0.09285006,0.07246353,0.52287606,0.20742542],
[0.07080908,0.07959564,0.06313857,0.72001275,0.06644396],
[0.1400499,0.0964577,0.07683808,0.56521449,0.12143983],
[0.1198353,0.088886,0.07006018,0.63523604,0.08598248],
[0.25754948,0.09971724,0.07936398,0.42200503,0.14136427],
[0.08438815,0.07350678,0.05675729,0.25647166,0.52887613],
[0.16242487,0.09713595,0.07667935,0.52678443,0.1369754,],
[0.16090399,0.0936188,0.07365806,0.56986177,0.10195737],
[0.2204158,0.09581366,0.07511202,0.33843113,0.27022739],
[0.2415061,0.0988278,0.07792943,0.41832937,0.1634073,],
[0.14365081,0.09389853,0.07377191,0.57039373,0.11828501],
[0.16195517,0.0929141,0.07216455,0.36225192,0.31071426],
[0.25176567,0.09908374,0.07834092,0.40989747,0.1609122,],
[0.15660607,0.08842947,0.06998242,0.62150703,0.06347502],
[0.11350214,0.09335018,0.07417419,0.6006454,0.11832809],
[0.14781392,0.09731697,0.07643312,0.47658813,0.20184786],
[0.09493058,0.09068674,0.070365,0.53525898,0.20875871],
[0.26333944,0.09880722,0.07811912,0.38071367,0.17902055],
[0.16821486,0.09368482,0.07390022,0.56890807,0.09529204],
[0.13922854,0.09696314,0.07620631,0.49046702,0.19713499],
[0.17444973,0.0968759,0.07668808,0.53385474,0.11813156],
[0.21470945,0.09903592,0.07798833,0.42244397,0.18582233],
[0.16788854,0.0980206,0.07734432,0.50455047,0.15219607],
[0.17988718,0.09914334,0.07837705,0.47824542,0.16434701],
[0.14288047,0.09101411,0.07213091,0.6132739,0.0807006,],
[0.11231184,0.09228855,0.07156548,0.46787771,0.25595642],
[0.17667945,0.09721343,0.07660053,0.51515675,0.13434984],
[0.24816775,0.09748933,0.07694453,0.45489712,0.12250127],
[0.17463318,0.09578154,0.07569779,0.5452017,0.10868579],
[0.17264133,0.09783156,0.07690052,0.49011285,0.16251374],
[0.31056256,0.09383842,0.07383583,0.29038885,0.23137433],
[0.18876538,0.09915183,0.07830849,0.46963672,0.16413758],
[0.16716166,0.09788177,0.07689462,0.48117306,0.17688889],
[0.15649085,0.0959727,0.07538486,0.53429858,0.13785301],
[0.13284953,0.0933797,0.07362679,0.58625728,0.11388671],
[0.19174468,0.09821322,0.07725174,0.47723794,0.15555242],
[0.14239249,0.09431695,0.07410295,0.56463188,0.12455573],
[0.25696688,0.09948463,0.07900723,0.41799368,0.14654759],
[0.20424965,0.09922348,0.07820698,0.42628519,0.19203469],
[0.14058148,0.09121358,0.07213751,0.61060367,0.08546376],
[0.15364354,0.09019507,0.07190389,0.61770956,0.06654794],
[0.18964455,0.10112083,0.08084693,0.47562212,0.15276557],
[0.18832198,0.09878334,0.07775669,0.45684049,0.17829749],
[0.06569493,0.06225361,0.04766007,0.20329801,0.62109339],
[0.17515062,0.09712704,0.07637182,0.51034662,0.1410039,],
[0.24828701,0.09945978,0.07880557,0.41762704,0.15582061],
[0.17431518,0.10074893,0.08022804,0.45690129,0.18780656],
[0.25417732,0.08815144,0.06915764,0.23963204,0.34888156],
[0.18672108,0.0989233,0.07790074,0.44919295,0.18726191],
[0.06848459,0.07508269,0.05995286,0.75111855,0.04536131],
[0.19394799,0.09890702,0.07786178,0.44822743,0.18105578],
[0.256712,0.09927544,0.07860374,0.38647845,0.17893037],
[0.14996484,0.09399897,0.07425097,0.57721693,0.10456828],
[0.24428333,0.09555464,0.07525231,0.48280377,0.10210595],
[0.17678107,0.09828854,0.0776475,0.50122506,0.14605783],
[0.19482336,0.09930011,0.07833189,0.44551966,0.18202499],
[0.11118895,0.09154461,0.07097921,0.44260987,0.28367736],
[0.18380459,0.09920143,0.07840631,0.47415153,0.16443614],
