# -*- coding: utf-8 -*-
a=[
[ 0.60355111,0.08184964,0.05739517,0.15348606,0.10371802],
[ 0.50870044,0.09455348,0.06585377,0.20954366,0.12134865],
[ 0.64891698,0.07579112,0.0530678,0.14702512,0.07519898],
[ 0.22140954,0.11761295,0.08187946,0.42511886,0.15397919],
[ 0.61754753,0.08091288,0.05685251,0.16110639,0.08358068],
[ 0.52336302,0.09409751,0.06595818,0.21904296,0.09753833],
[ 0.42678324,0.10440181,0.07290821,0.25798573,0.13792101],
[ 0.36722469,0.11050673,0.07738974,0.2952626,0.14961624],
[ 0.21467309,0.11229302,0.07788356,0.31352831,0.28162202],
[ 0.29174488,0.11467575,0.07995334,0.32893521,0.18469082],
[ 0.26516322,0.11758983,0.08247014,0.37139218,0.16338463],
[ 0.24266995,0.11604554,0.08049742,0.36356217,0.19722492],
[ 0.27498934,0.11569093,0.08039191,0.366629,0.16229883],
[ 0.20200926,0.11662056,0.080881,0.38966856,0.21082062],
[ 0.31317302,0.11320794,0.07914832,0.30329269,0.19117804],
[ 0.26534571,0.11536728,0.08000788,0.35360528,0.18567386],
[ 0.39369813,0.10747755,0.07472119,0.30113795,0.12296518],
[ 0.27473621,0.115811,0.0807951,0.34419802,0.18445967],
[ 0.18628235,0.1125671,0.07704228,0.3650205,0.25908777],
[ 0.54350608,0.09129256,0.06405615,0.19806093,0.10308428],
[ 0.28860889,0.11473588,0.07974214,0.3422187,0.17469438],
[ 0.53699337,0.0924989,0.06495686,0.20954664,0.09600423],
[ 0.37347672,0.10594064,0.07344363,0.25107749,0.19606153],
[ 0.42218103,0.10486701,0.07307049,0.27020084,0.12968062],
[ 0.56206377,0.08878502,0.0622636,0.19059314,0.09629447],
[ 0.29615328,0.11452932,0.07965654,0.34057344,0.16908742],
[ 0.23739677,0.11612271,0.08025936,0.41616077,0.15006038],
[ 0.24303029,0.1144781,0.07928262,0.33657955,0.22662944],
[ 0.54058652,0.09144537,0.0639403,0.20447398,0.09955382],
[ 0.47153777,0.08685351,0.06098207,0.13524976,0.24537688],
[ 0.68362301,0.06949779,0.04860186,0.12102275,0.07725459],
[ 0.51652138,0.09458239,0.06631571,0.20909759,0.11348292],
[ 0.46231102,0.09875952,0.06829065,0.22937746,0.14126135],
[ 0.38292076,0.0952009,0.06652642,0.16944163,0.28591029],
[ 0.40153758,0.10474695,0.07337931,0.23377805,0.18655812],
[ 0.74501687,0.05902515,0.04133102,0.09377773,0.06084922],
[ 0.42130703,0.10269853,0.0722607,0.21665548,0.18707827],
[ 0.4523901,0.10121991,0.07078456,0.23151942,0.14408601],
[ 0.34935666,0.11094791,0.07708957,0.34453345,0.11807242],
[ 0.57152718,0.08539, 0.06023259,0.15204513,0.13080509],
[ 0.47222183,0.10013603,0.07006803,0.24769397,0.10988014],
[ 0.48331745,0.09814976,0.06853859,0.22689597,0.12309824],
[ 0.73686211,0.06036446,0.04226121,0.09619564,0.06431658],
[ 0.29197452,0.11475252,0.07974136,0.34917871,0.16435289],
[ 0.49643778,0.09755812,0.0684165,0.23544808,0.10213952],
[ 0.29269696,0.11476551,0.0797374,0.35341193,0.1593882 ],
[ 0.4971457,0.09669883,0.06794572,0.20894224,0.12926751],
[ 0.35773254,0.09934897,0.06899875,0.19582829,0.27809145],
[ 0.41236223,0.10590636,0.07378751,0.27924085,0.12870306],
[ 0.11959682,0.10653979,0.07292629,0.36489132,0.33604578],
[ 0.66583448,0.07280371,0.05109251,0.13031593,0.07995337],
[ 0.58849184,0.08559205,0.06026503,0.18052869,0.08512239],
[ 0.58109199,0.0858119,0.0600893,0.17707299,0.09593383],
[ 0.34070212,0.1117421,0.07796969,0.30231786,0.16726824],
[ 0.4946767,0.09723185,0.06814549,0.22031621,0.11962975],
[ 0.29788325,0.11384886,0.07919098,0.32278418,0.18629272],
[ 0.74675152,0.05915355,0.04164015,0.09379811,0.05865667],
[ 0.19065515,0.11425684,0.07807686,0.47154732,0.14546383],
[ 0.27664914,0.11497741,0.07963166,0.36070704,0.16803475],
[ 0.66122556,0.0732232,0.05181231,0.12091483,0.0928241 ],
[ 0.35508377,0.1102635,0.07674768,0.29415699,0.16374805],
[ 0.54411044,0.0916784,0.06442656,0.20947375,0.09031085],
[ 0.3857081,0.10834392,0.07547185,0.3189196,0.11155653],
[ 0.28096194,0.11116944,0.07735549,0.28177518,0.24873795],
[ 0.42974605,0.10397566,0.07233833,0.26996057,0.1239794 ],
[ 0.37422146,0.10816125,0.07519585,0.27635363,0.16606781],
[ 0.642732,0.07688369,0.05383517,0.15363314,0.072916,],
[ 0.50500841,0.09531133,0.06741597,0.18935862,0.14290567],
[ 0.4907127,0.09811148,0.06883999,0.22889511,0.11344072],
[ 0.39113858,0.10714357,0.07434477,0.28420148,0.1431716 ],
[ 0.28439244,0.11169396,0.0770345,0.30562654,0.22125256],
[ 0.59319349,0.08314322,0.05842861,0.15343879,0.1117959 ],
[ 0.44312264,0.10226175,0.07142741,0.30169447,0.08149373],
[ 0.23118201,0.11412798,0.07815306,0.44683473,0.12970222],
[ 0.35654109,0.11054453,0.07714193,0.29325411,0.16251833],
[ 0.30722522,0.11395687,0.07933734,0.33068569,0.16879488],
[ 0.33089159,0.1134623,0.079367,0.33336557,0.14291354],
[ 0.42411605,0.10496946,0.07323377,0.27572445,0.12195626],
[ 0.41304301,0.10612609,0.07453142,0.25566878,0.15063069],
[ 0.38767027,0.10838915,0.07577763,0.32622864,0.10193431],
[ 0.70673759,0.06594271,0.04606157,0.11621932,0.06503882],
[ 0.66478362,0.07324886,0.05124353,0.14103504,0.06968894],
[ 0.51757039,0.09478455,0.06641277,0.22171518,0.0995171 ],
[ 0.69716351,0.06728885,0.04704948,0.11560402,0.07289414],
[ 0.39273735,0.1073784,0.07475789,0.27991212,0.14521423],
[ 0.44974459,0.10246347,0.07159482,0.26047755,0.11571957],
[ 0.21899081,0.11678618,0.08099263,0.38848423,0.19474614],
[ 0.54021718,0.09138459,0.06394632,0.19923432,0.1052176 ],
[ 0.48158237,0.0972428,0.06792275,0.20968832,0.14356376],
[ 0.72731787,0.06226968,0.04355093,0.10380566,0.06305585],
[ 0.52884662,0.09205304,0.06395514,0.20585995,0.10928525],
[ 0.29873524,0.11262241,0.07754389,0.33431475,0.1767837 ],
[ 0.66253533,0.07459141,0.05272366,0.14503873,0.06511087],
[ 0.51613425,0.09144179,0.06367122,0.1801298,0.14862294],
[ 0.62289844,0.07982928,0.05612469,0.15214468,0.08900291],
[ 0.40831071,0.10644413,0.07432619,0.27476093,0.13615804],
[ 0.68939798,0.06871905,0.04806967,0.1203866,0.0734267 ],
[ 0.5106009,0.09556013,0.06688064,0.23673896,0.09021938],
[ 0.20559903,0.10886649,0.07563068,0.28232096,0.32758284],
[ 0.45011778,0.10196537,0.07098806,0.27454112,0.10238768],
[ 0.45043947,0.1020989,0.07132662,0.2488262,0.12730882],
[ 0.31570884,0.10932966,0.07610713,0.26435194,0.23450244],
[ 0.39025333,0.10848514,0.07607503,0.27670667,0.14847983],
[ 0.28336364,0.0951094,0.06546492,0.18481299,0.37124904],
[ 0.5214754,0.09401078,0.06579325,0.21374203,0.10497854],
[ 0.55691309,0.0889091,0.06214084,0.18845052,0.10358645],
[ 0.2021926,0.11550164,0.08013011,0.48503183,0.11714382],
[ 0.3911755,0.10797189,0.0753149,0.28697253,0.13856518],
[ 0.67308377,0.06817357,0.04789411,0.099898,0.11095055],
[ 0.4769362,0.09719376,0.0684675,0.19366748,0.16373506],
[ 0.44478345,0.10313521,0.07229148,0.25098475,0.12880512],
[ 0.60673828,0.08188083,0.05714316,0.16741253,0.0868252 ],
[ 0.43787577,0.10338968,0.07219209,0.25620885,0.1303336 ],
[ 0.4001617,0.10503116,0.07398947,0.22758868,0.193229,],
[ 0.44190036,0.10173176,0.07071712,0.24055969,0.14509107],
[ 0.47120408,0.09962379,0.0695636,0.27475304,0.08485549],
[ 0.43816756,0.10223857,0.07064433,0.28551537,0.10343417],
[ 0.19921353,0.11452832,0.07838628,0.4654074,0.14246447],
[ 0.21410521,0.11586007,0.08016071,0.37420477,0.21566924],
[ 0.52025694,0.09459053,0.06633804,0.22900766,0.08980684],
[ 0.31725351,0.10619275,0.0738833,0.23823411,0.26443633],
[ 0.60451923,0.07888372,0.05533134,0.12979471,0.13147101],
[ 0.25811592,0.11599641,0.08039288,0.38106692,0.16442787],
[ 0.49733381,0.09593615,0.06677262,0.21692529,0.12303214],
[ 0.27894292,0.11521137,0.07999982,0.39321065,0.13263523],
[ 0.38215526,0.10875495,0.07580989,0.2952992,0.13798071],
[ 0.2960641,0.11425568,0.07929222,0.34350112,0.16688687],
[ 0.33286087,0.11096789,0.07699537,0.2974794,0.18169647],
[ 0.37822578,0.10920379,0.07613747,0.30237569,0.13405727],
[ 0.58689351,0.0841485,0.05867202,0.16800869,0.10227728],
[ 0.54590892,0.09066111,0.06350751,0.19417067,0.10575179],
[ 0.46849099,0.09628367,0.06709134,0.19473352,0.17340048],
[ 0.54628357,0.09084859,0.06363257,0.20040018,0.09883508],
[ 0.55754071,0.08850066,0.06204147,0.17743056,0.1144866 ],
[ 0.19516076,0.11635096,0.0803099,0.4462223,0.16195608],
[ 0.61542806,0.08127007,0.0569939,0.16924658,0.0770614 ],
[ 0.54237949,0.08683398,0.05983086,0.16850247,0.14245321],
[ 0.48079862,0.09755116,0.0685458,0.20316478,0.14993964],
[ 0.38141007,0.10744125,0.07434572,0.28496604,0.15183692],
[ 0.61693165,0.0810227,0.05682649,0.16713905,0.07808011],
[ 0.48639394,0.098042,0.06853695,0.2280075,0.11901961],
[ 0.40578258,0.10566663,0.07384648,0.33231782,0.08238649],
[ 0.6881638,0.06887607,0.04818922,0.12006091,0.07470999],
[ 0.23859416,0.11664947,0.08091895,0.3850909,0.17874652],
[ 0.27480375,0.11615827,0.08093934,0.38246545,0.1456332 ],
[ 0.62978399,0.07833793,0.05488612,0.14755716,0.08943481],
[ 0.22043476,0.1165192,0.08056536,0.40056579,0.1819149 ],
[ 0.47331152,0.0993791,0.0694874,0.22998764,0.12783434],
[ 0.4019357,0.10400036,0.07239933,0.2361667,0.18549791],
[ 0.21390641,0.1056247,0.07334741,0.25439581,0.35272568],
[ 0.37194457,0.10980623,0.07657333,0.30938672,0.13228915],
[ 0.5174685,0.09413913,0.06555813,0.22755417,0.09528008],
[ 0.28175254,0.11377852,0.07894147,0.41907464,0.10645282],
[ 0.56061094,0.08879304,0.06202446,0.20939595,0.0791756 ],
[ 0.32006992,0.11129323,0.07673431,0.31414523,0.17775731],
[ 0.48637152,0.09823646,0.0687631,0.22873765,0.11789127],
[ 0.44963808,0.10217685,0.07143467,0.24633898,0.13041142],
[ 0.7336471,0.0623207,0.04442291,0.09785288,0.06175641],
[ 0.58552595,0.08532043,0.05993646,0.17111475,0.09810241],
[ 0.46995807,0.10008039,0.0699326,0.24241173,0.1176172 ],
[ 0.2533169,0.11549299,0.08007307,0.35329789,0.19781914],
[ 0.32511514,0.11320172,0.07883334,0.33894323,0.14390656],
[ 0.22736714,0.11642777,0.0808222,0.37043895,0.20494393],
[ 0.54308527,0.09110191,0.06379516,0.198119,0.10389867],
[ 0.25731176,0.1161086,0.0805201,0.37986862,0.16619092],
[ 0.46236719,0.10028822,0.06978549,0.24351626,0.12404284],
[ 0.32407064,0.11373038,0.07947033,0.3529958,0.12973284],
[ 0.43123931,0.10455234,0.0732045,0.26325978,0.12774407],
[ 0.46948305,0.09520834,0.06672721,0.18064838,0.18793301],
[ 0.75145473,0.05664081,0.0394707,0.08355201,0.06888174],
[ 0.394076,0.1080653,0.07547261,0.29862067,0.12376541],
[ 0.59455099,0.08359272,0.05864037,0.16263882,0.1005771 ],
[ 0.5655929,0.0886793,0.06229288,0.19661582,0.08681909],
[ 0.23735254,0.116166,0.0803494,0.38409961,0.18203245],
[ 0.44842617,0.10221863,0.07135984,0.25007322,0.12792213],
[ 0.64411399,0.0756621,0.0529973,0.1354282,0.09179842],
[ 0.34409385,0.10996254,0.07684163,0.2714135,0.19768848],
[ 0.46075809,0.10076304,0.07086297,0.22256519,0.14505071],
[ 0.35133545,0.10907977,0.07561643,0.28068365,0.1832847 ],
[ 0.5576224,0.08843499,0.06155005,0.19016114,0.10223142],
[ 0.48740458,0.09561489,0.06675176,0.19711532,0.15311345],
[ 0.27504242,0.10891428,0.07550358,0.26697328,0.27356643],
[ 0.23963518,0.11722924,0.08176156,0.37148509,0.18988893],
[ 0.23609726,0.11666178,0.08104227,0.37406575,0.19213294],
[ 0.35655581,0.10770771,0.07553469,0.24496122,0.21524057],
[ 0.36936404,0.10860032,0.07598766,0.26393637,0.1821116 ],
[ 0.17059199,0.08540105,0.05895134,0.16573587,0.51931975],
[ 0.27217557,0.11451504,0.07929173,0.34101278,0.19300489],
[ 0.4389499,0.10313532,0.07181088,0.28351978,0.10258411],
[ 0.27047973,0.11578324,0.08092951,0.33372492,0.1990826 ],
[ 0.45115869,0.10247557,0.07175943,0.25284771,0.1217586 ],
[ 0.26609002,0.11569594,0.08034925,0.35723976,0.18062504],
[ 0.45122745,0.0956847,0.0670626,0.17839307,0.20763218],
[ 0.48424506,0.09840447,0.06874917,0.23474439,0.11385691],
[ 0.53034397,0.09268722,0.06501792,0.1984719,0.113479,],
[ 0.28313332,0.09879698,0.06848366,0.19813675,0.35144929],
[ 0.27341971,0.11525508,0.08101158,0.30985467,0.22045895],
[ 0.5501075,0.08975004,0.06279894,0.18814857,0.10919495],
[ 0.37732561,0.10900129,0.0759618,0.29196932,0.14574198],
[ 0.53671355,0.09092419,0.06350585,0.18886472,0.11999168],
[ 0.45796473,0.10140603,0.07086737,0.24755077,0.1222111 ],
[ 0.24660618,0.10668712,0.07411302,0.25156234,0.32103134],
[ 0.45482647,0.10021805,0.07046967,0.21159254,0.16289327],
[ 0.64269887,0.07769235,0.05494801,0.14957403,0.07508675],
[ 0.25425112,0.11270088,0.07832805,0.30272229,0.25199766],
[ 0.26687791,0.1156369,0.08033563,0.35392902,0.18322053],
[ 0.48452358,0.09719819,0.06759695,0.22086168,0.12981959],
[ 0.40235624,0.10570312,0.07361997,0.25732989,0.16099079],
[ 0.38289479,0.10867154,0.0758133,0.28935501,0.14326536],
[ 0.29519912,0.10933988,0.07637247,0.25836925,0.26071927],
[ 0.48072258,0.09888301,0.06914833,0.23497868,0.11626739],
[ 0.53651556,0.09116151,0.06379765,0.18856916,0.11995612],
[ 0.39232652,0.10641266,0.07431236,0.25341833,0.17353014],
[ 0.36604725,0.1078343,0.07489849,0.2670474,0.18417255],
[ 0.47609894,0.09828754,0.06894894,0.21007838,0.14658621],
[ 0.46299185,0.0995305,0.06946717,0.22242873,0.14558175],
[ 0.23977106,0.11488081,0.07907822,0.36679155,0.19947835],
[ 0.18839778,0.11560232,0.07945813,0.42391653,0.19262524],
[ 0.65351352,0.07455966,0.05198335,0.14233713,0.07760633],
[ 0.34701183,0.11105329,0.07750686,0.29321072,0.1712173 ],
[ 0.63972914,0.07633267,0.0535647,0.13537326,0.09500023],
[ 0.56006949,0.08791479,0.06125535,0.18301678,0.1077436 ],
[ 0.56516865,0.08852349,0.06215664,0.18976925,0.09438197],
[ 0.43117485,0.10370291,0.07231578,0.25459298,0.13821348],
[ 0.58465817,0.08491605,0.05904046,0.1996658,0.07171952],
[ 0.27469359,0.11466527,0.08009759,0.31679141,0.21375213],
[ 0.48767825,0.09785078,0.06846839,0.22364284,0.12235974],
[ 0.36895416,0.10843302,0.07542276,0.27485512,0.17233494],
[ 0.42973517,0.10379348,0.07213733,0.29286854,0.10146547],
[ 0.54097718,0.09089535,0.06391307,0.18309202,0.12112239],
[ 0.33448496,0.11206759,0.07794392,0.35867755,0.11682597],
[ 0.54331287,0.09158366,0.0642511,0.2188305,0.08202187],
[ 0.41794284,0.10370931,0.07229875,0.24015104,0.16589806],
[ 0.56415321,0.08808767,0.06159662,0.18719859,0.09896391],
[ 0.65047931,0.07590342,0.05323681,0.1588613,0.06151916],
[ 0.46982007,0.10086457,0.07081442,0.2576314,0.10086954],
[ 0.22283487,0.11618, 0.08024171,0.39182585,0.18891757],
[ 0.43939558,0.10315832,0.072165,0.24730048,0.13798061],
[ 0.27630538,0.115359,0.08006509,0.36003398,0.16823656],
[ 0.74825747,0.05834729,0.04086252,0.09128686,0.06124586],
[ 0.36550902,0.11037448,0.07718896,0.29431842,0.15260912],
[ 0.48052975,0.09836309,0.06885064,0.22031619,0.13194033],
[ 0.3701925,0.10940034,0.07629322,0.28735252,0.15676141],
[ 0.50171231,0.09717866,0.06833544,0.22906786,0.10370574],
[ 0.65035656,0.07570205,0.05305693,0.14752909,0.07335537],
[ 0.45201768,0.10036482,0.07009736,0.22191927,0.15560088],
[ 0.49379759,0.09700759,0.06799798,0.21414893,0.12704792],
[ 0.71495462,0.06440189,0.04502485,0.10947795,0.06614068],
[ 0.19088894,0.08617157,0.05918817,0.16548272,0.4982686 ],
[ 0.58563211,0.08369137,0.05855965,0.15638075,0.11573612],
[ 0.18840229,0.10185027,0.07082575,0.23847468,0.400447,],
[ 0.49226689,0.09785422,0.06852705,0.23576989,0.10558195],
[ 0.35580022,0.11146191,0.07791645,0.315981,0.13884042],
[ 0.51895559,0.09355122,0.06551716,0.19777683,0.12419921],
[ 0.34088541,0.11078089,0.07735892,0.28258723,0.18838755],
[ 0.41477454,0.10584722,0.07388338,0.27426411,0.13123075],
[ 0.26105698,0.12033864,0.08586189,0.35939509,0.1733474 ],
[ 0.56464951,0.08737723,0.06090283,0.18140537,0.10566506],
[ 0.47747986,0.09865268,0.06899346,0.2226058,0.1322682 ],
[ 0.19278249,0.11512549,0.07896956,0.45964988,0.15347258],
[ 0.20276921,0.11736079,0.08145376,0.42798343,0.17043281],
[ 0.18341316,0.11776281,0.08202788,0.451035,0.16576116],
[ 0.170957,0.11374713,0.07849754,0.37460403,0.26219429],
[ 0.10957558,0.10675421,0.07328945,0.6052267,0.10515406],
[ 0.22729447,0.11688749,0.08103052,0.41760052,0.157187,],
[ 0.18118331,0.1162758,0.08030917,0.45855889,0.16367284],
[ 0.19183669,0.11635501,0.08028127,0.43583315,0.17569388],
[ 0.2602979,0.11450063,0.07912149,0.34419757,0.20188242],
[ 0.17897758,0.117114,0.08131777,0.42626915,0.1963215 ],
[ 0.16104108,0.11259925,0.07772889,0.36666821,0.28196258],
[ 0.20740866,0.11596306,0.08031509,0.37533344,0.22097975],
[ 0.15902021,0.10937212,0.07605919,0.31548666,0.34006182],
[ 0.16401783,0.11239522,0.07774798,0.35540478,0.2904342 ],
[ 0.1596154,0.11430655,0.07868478,0.50539955,0.14199372],
[ 0.13022146,0.10617094,0.07328692,0.32789445,0.36242623],
[ 0.19171265,0.11685234,0.0811569,0.39723958,0.21303853],
[ 0.1840574,0.11649609,0.08049614,0.43555447,0.1833959 ],
[ 0.19444313,0.11696713,0.08116495,0.40406922,0.20335557],
[ 0.1550978,0.11350387,0.07788289,0.51235458,0.14116087],
[ 0.20656741,0.11725328,0.08150657,0.39478156,0.19989117],
[ 0.1631617,0.11493886,0.07901165,0.4782678,0.16461999],
[ 0.17804866,0.11751471,0.08188928,0.46800791,0.15453944],
[ 0.16536563,0.11603627,0.08030167,0.42716487,0.21113155],
[ 0.17523733,0.1155932,0.07975159,0.41269898,0.21671889],
[ 0.14437325,0.11449367,0.07885702,0.48653614,0.17573992],
[ 0.09121235,0.09985919,0.06883065,0.33056783,0.40952998],
[ 0.20571773,0.11705125,0.08112314,0.41167638,0.1844315 ],
[ 0.19294721,0.11630081,0.08057817,0.39215947,0.21801433],
[ 0.1753338,0.11591882,0.08017103,0.40909848,0.21947787],
[ 0.1934534,0.11689281,0.08104218,0.40817637,0.20043525],
[ 0.21630043,0.1108134,0.07654053,0.3047798,0.29156584],
[ 0.12271056,0.1125408,0.07815316,0.41303362,0.27356187],
[ 0.17507142,0.11508313,0.0792945,0.4891298,0.14142115],
[ 0.18353913,0.11312099,0.07821367,0.34858988,0.27653632],
[ 0.10626069,0.10999821,0.0752482,0.48126403,0.22722888],
[ 0.1642832,0.1152776,0.08020879,0.38371706,0.25651334],
[ 0.26277688,0.11457815,0.07935308,0.33842483,0.20486707],
[ 0.15639438,0.11809598,0.08295866,0.48643097,0.15612001],
[ 0.17637106,0.11631746,0.08035313,0.45063035,0.17632799],
[ 0.23590455,0.11819182,0.08267174,0.39848965,0.16474224],
[ 0.13526921,0.11282869,0.07764642,0.5295808,0.14467487],
[ 0.1832264,0.11870062,0.08341333,0.39983334,0.21482631],
[ 0.09813835,0.08365423,0.05783215,0.19952043,0.56085484],
[ 0.15466351,0.1154476,0.07971886,0.4782247,0.17194533],
[ 0.13866168,0.11321856,0.0779057,0.52202147,0.14819259],
[ 0.16943937,0.11559143,0.07959036,0.45803772,0.17734112],
[ 0.0672278,0.05915186,0.04067254,0.11462946,0.71831835],
[ 0.18175335,0.116875,0.08109041,0.41574026,0.20454098],
[ 0.20692845,0.11633285,0.08090193,0.36820896,0.22762782],
[ 0.16377587,0.10980918,0.07565162,0.33280956,0.31795377],
[ 0.15829899,0.1120936,0.07697381,0.53806675,0.11456685],
[ 0.22348641,0.11472152,0.07980013,0.33367327,0.24831867],
[ 0.21351023,0.1168151,0.08085057,0.41079265,0.17803145],
[ 0.21015606,0.11855291,0.08305373,0.39253093,0.19570637],
[ 0.18041545,0.11597622,0.08017597,0.40675457,0.21667779],
[ 0.15066286,0.10970581,0.07580905,0.33891816,0.32490412],
[ 0.09660219,0.10633683,0.07228558,0.44148129,0.28329411],
[ 0.20883755,0.11830599,0.08261994,0.43031654,0.15991999],
[ 0.21381102,0.11785821,0.08209023,0.41148697,0.17475357],
[ 0.19697814,0.11761467,0.08194831,0.45629008,0.1471688 ],
[ 0.18111854,0.11632916,0.08039898,0.461598,0.16055532],
[ 0.20516372,0.11622109,0.08056208,0.3794189,0.21863421],
[ 0.21909264,0.11635747,0.08137284,0.3455613,0.23761576],
[ 0.18857933,0.11639917,0.08066856,0.39778285,0.21657008],
[ 0.22808095,0.11604545,0.08104562,0.34156105,0.23326692],
[ 0.20839628,0.11724369,0.08136607,0.40798695,0.18500701],
[ 0.20743288,0.11798647,0.08226009,0.40669182,0.18562875],
[ 0.10083203,0.09343288,0.06442118,0.26041577,0.48089815],
[ 0.19562681,0.11712428,0.08125378,0.41261554,0.19337958],
[ 0.23587359,0.1167508,0.08096735,0.39252557,0.1738827 ],
[ 0.17216013,0.116183,0.08041204,0.41940838,0.21183645],
[ 0.17152441,0.11643448,0.08135047,0.38313736,0.24755328],
[ 0.2464789,0.11638861,0.0810555,0.35531865,0.20075833],
[ 0.29749925,0.11387901,0.0789107,0.33959147,0.17011957],
[ 0.17836105,0.11632755,0.0804153,0.42541783,0.19947827],
[ 0.13881037,0.11392412,0.07837088,0.49359233,0.17530231],
[ 0.10212125,0.10355186,0.07038573,0.6233065,0.10063466],
[ 0.17737918,0.11687453,0.08099851,0.4390522,0.18569558],
[ 0.13083914,0.11291671,0.07784993,0.53043231,0.14796191],
[ 0.18228038,0.12052768,0.08535925,0.44710944,0.16472325],
[ 0.16767181,0.11684318,0.08110898,0.46274096,0.17163508],
[ 0.19631029,0.11691795,0.08100146,0.41327432,0.19249597],
[ 0.18904702,0.117354,0.08152476,0.41995482,0.1921194 ],
[ 0.20655798,0.11787569,0.08227616,0.39222236,0.20106781],
[ 0.23785639,0.11523627,0.07936227,0.37450209,0.19304298],
[ 0.17635248,0.11718802,0.08137315,0.44804354,0.17704281],
[ 0.18634071,0.1165658,0.08070311,0.4119811,0.20440927],
[ 0.17496447,0.11737887,0.08214985,0.39302508,0.23248174],
[ 0.20811885,0.11799547,0.08231342,0.40083164,0.19074062],
[ 0.19247729,0.11714158,0.08122683,0.42426254,0.18489176],
[ 0.18940444,0.11690716,0.08098238,0.42234462,0.1903614 ],
[ 0.19032604,0.11756519,0.08171799,0.43459307,0.1757977 ],
[ 0.20535403,0.11765871,0.08181369,0.42575946,0.16941411],
[ 0.20034081,0.11813408,0.08247782,0.44647933,0.15256797],
[ 0.19164174,0.11762123,0.08179484,0.44029867,0.16864352],
[ 0.12031685,0.10979697,0.07531637,0.56822633,0.12634349],
[ 0.1891324,0.11742835,0.08173196,0.40681466,0.20489263],
[ 0.17610183,0.11622066,0.08042216,0.41559667,0.21165868],
[ 0.17943692,0.11701969,0.08123946,0.46294957,0.15935436],
[ 0.19049215,0.11650377,0.08046524,0.4329721,0.17956674],
[ 0.16406415,0.10413237,0.07247658,0.26659203,0.39273487],
[ 0.22040543,0.11618253,0.08119187,0.34459289,0.23762728],
[ 0.14704934,0.11597922,0.08049938,0.4776203,0.17885175],
[ 0.1798525,0.11680669,0.08089449,0.44724472,0.1752016 ],
[ 0.12347183,0.11462437,0.0796877,0.49223503,0.18998107],
[ 0.17585601,0.11635156,0.08039692,0.45039301,0.1770025 ],
[ 0.18563247,0.11749866,0.08185642,0.40751419,0.20749826],
[ 0.19085858,0.11396047,0.07854771,0.50271485,0.1139184 ],
[ 0.24743832,0.11470558,0.08031496,0.3123648,0.24517634],
[ 0.13449121,0.11492402,0.08030426,0.53388817,0.13639234],
[ 0.24385768,0.11387685,0.07951697,0.30883553,0.25391297],
[ 0.18063776,0.10367918,0.07186297,0.2582928,0.38552729],
[ 0.14261944,0.1028217,0.07112144,0.28157925,0.40185816],
[ 0.17160938,0.11892313,0.08403369,0.4904727,0.13496109],
[ 0.14450667,0.1165611,0.08161101,0.50933432,0.14798689],
[ 0.18719446,0.1207215,0.08571851,0.40300226,0.20336327],
[ 0.16551655,0.11822181,0.08282269,0.46877506,0.1646639 ],
[ 0.19127245,0.11665282,0.08090495,0.39893461,0.21223516],
[ 0.19686582,0.12090411,0.08575564,0.43401084,0.16246358],
[ 0.16930382,0.12046574,0.08555209,0.46977258,0.15490577],
[ 0.15055304,0.11767523,0.08240351,0.46661029,0.18275793],
[ 0.17405368,0.11967146,0.08437863,0.43829245,0.18360378],
[ 0.18411201,0.11620225,0.08026494,0.46335332,0.15606748],
[ 0.15156907,0.11327158,0.07737745,0.49486408,0.16291782],
[ 0.24230309,0.11587089,0.08143238,0.31989148,0.24050215],
[ 0.21398046,0.11508456,0.07985523,0.48129308,0.10978668],
[ 0.16430769,0.11826069,0.08400254,0.5178014,0.11562769],
[ 0.23499431,0.11836375,0.08287579,0.40402574,0.15974041],
[ 0.13035072,0.10591472,0.07359464,0.31414296,0.37599696],
[ 0.18927701,0.12016123,0.08484896,0.43487086,0.17084195],
[ 0.15416902,0.11980481,0.08517099,0.49181446,0.14904072],
[ 0.18326822,0.1160024,0.08066371,0.49543791,0.12462775],
[ 0.24656184,0.11815743,0.08363051,0.33511343,0.21653679],
[ 0.1732063,0.12033842,0.0859373,0.49407181,0.12644617],
[ 0.16235755,0.11646795,0.08095257,0.48776234,0.15245959],
[ 0.19734711,0.12178383,0.08681765,0.41621581,0.17783559],
[ 0.17253975,0.11619658,0.08026209,0.45661114,0.17439044],
[ 0.19965339,0.12028648,0.08500982,0.41119501,0.1838553 ],
[ 0.16987617,0.12044707,0.08540818,0.45749498,0.1667736 ],
[ 0.17926608,0.11975739,0.08443049,0.4323983,0.18414774],
[ 0.15939256,0.11352639,0.07897064,0.36245717,0.28565324],
[ 0.16862978,0.1188369,0.08343599,0.44701045,0.18208687],
[ 0.2707021,0.11823867,0.08378137,0.33727039,0.19000747],
[ 0.19577431,0.11784953,0.08204912,0.4247608,0.17956624],
[ 0.15744443,0.1173844,0.08240323,0.50369139,0.13907654],
[ 0.23459554,0.11862201,0.08322624,0.38780101,0.17575521],
[ 0.19713766,0.1213321,0.08626635,0.43106265,0.16420124],
[ 0.21792617,0.11901815,0.08350384,0.40924565,0.17030619],
[ 0.19063184,0.11991731,0.0848392,0.46347126,0.1411404 ],
[ 0.15927828,0.118538,0.08328058,0.4689976,0.16990555],
[ 0.19180052,0.11732881,0.08152385,0.45268731,0.15665951],
[ 0.16596929,0.12342927,0.0890782,0.44038665,0.1811366 ],
[ 0.2011681,0.11912202,0.08362379,0.40810392,0.18798217],
[ 0.1537534,0.11957978,0.08469599,0.47716118,0.16480966],
[ 0.20179413,0.11791126,0.08251214,0.46376212,0.13402035],
[ 0.18969375,0.12012909,0.08483559,0.41875911,0.18658245],
[ 0.08103788,0.10407795,0.07137185,0.61361037,0.12990196],
[ 0.1687994,0.11701403,0.0813852,0.47355217,0.15924921],
[ 0.15401822,0.12097635,0.08721046,0.51266656,0.12512842],
[ 0.2234607,0.11817949,0.08283233,0.37439753,0.20112996],
[ 0.21447621,0.11948308,0.08416916,0.39111154,0.19076,],
[ 0.20186604,0.11781368,0.08199926,0.42078415,0.17753688],
[ 0.11811328,0.11729752,0.08311228,0.49094847,0.19052845],
[ 0.19069908,0.11900281,0.08343961,0.43182753,0.17503098],
[ 0.15424116,0.11683435,0.08134145,0.47241044,0.1751726 ],
[ 0.15655639,0.12321606,0.0893433,0.40845294,0.22243131],
[ 0.09546683,0.10402426,0.06995758,0.59256231,0.13798901],
[ 0.19636166,0.12262074,0.0878528,0.42894083,0.16422397],
[ 0.1753162,0.11921023,0.08380302,0.43853959,0.18313096],
[ 0.21874634,0.11993491,0.08463533,0.40234912,0.17433429],
[ 0.16537255,0.11528254,0.07983693,0.50414623,0.13536176],
[ 0.25225933,0.11963335,0.08603924,0.31476881,0.22729927],
[ 0.16824943,0.11822273,0.08364718,0.50810552,0.12177513],
[ 0.17237376,0.11893355,0.08357865,0.46243646,0.16267759],
[ 0.18126791,0.11747937,0.08169024,0.43223664,0.18732584],
[ 0.22188792,0.11831453,0.08294115,0.37773314,0.19912326],
[ 0.18475851,0.11794081,0.08230593,0.41527285,0.19972189],
[ 0.18229115,0.12288269,0.08837258,0.40574092,0.20071265],
[ 0.18211441,0.12198966,0.08713509,0.42437045,0.1843904 ],
[ 0.09350953,0.10965813,0.07575628,0.47754497,0.24353109],
[ 0.12996318,0.11580753,0.0819617,0.54944106,0.12282654],
[ 0.18601304,0.12048472,0.08525708,0.4306564,0.17758876],
[ 0.22416232,0.11624745,0.08041569,0.43870928,0.14046525],
[ 0.20044623,0.11446378,0.07805712,0.43160604,0.17542683],
[ 0.12137513,0.10908431,0.07517998,0.58647398,0.1078866 ],
[ 0.11519404,0.109452,0.07439884,0.45265695,0.24829816],
[ 0.09515696,0.10462764,0.07097148,0.41831979,0.31092413],
[ 0.23646223,0.11567552,0.08071229,0.3363455,0.23080445],
[ 0.16528855,0.11436985,0.08013355,0.54069457,0.09951348],
[ 0.13961248,0.11270879,0.07731739,0.52381025,0.1465511 ],
[ 0.21374039,0.11790101,0.082128,0.41939638,0.16683422],
[ 0.11428903,0.10401489,0.07064623,0.61877195,0.0922779 ],
[ 0.21825042,0.11704806,0.08124278,0.39421745,0.18924129],
[ 0.16887387,0.11494064,0.0788673,0.46699651,0.17032168],
[ 0.17247377,0.11374429,0.07802174,0.50460507,0.13115513],
[ 0.14581346,0.11420057,0.07870049,0.50717106,0.15411443],
[ 0.35535583,0.10633395,0.07426557,0.23814869,0.22589596],
[ 0.17989192,0.11521339,0.07922111,0.47478499,0.15088859],
[ 0.18889522,0.11732908,0.08146478,0.42622241,0.18608851],
[ 0.1395997,0.11208883,0.07767218,0.55899481,0.11164448],
[ 0.19916756,0.11667865,0.08065053,0.43342409,0.17007917],
[ 0.1160534,0.10781785,0.0736928,0.58717511,0.11526084],
[ 0.05631381,0.09594834,0.06442515,0.63075653,0.15255617],
[ 0.12282264,0.10971992,0.07506443,0.56403251,0.1283605 ],
[ 0.22874959,0.1151143,0.0792171,0.37421353,0.20270548],
[ 0.13691703,0.11060984,0.07553794,0.55063567,0.12629953],
[ 0.21111043,0.11637828,0.08067503,0.45789837,0.13393789],
[ 0.17110763,0.11110911,0.07616725,0.54110576,0.10051026],
[ 0.15260182,0.11412591,0.07888102,0.52182089,0.13257037],
[ 0.20475667,0.11658773,0.08054472,0.42905545,0.16905543],
[ 0.16607985,0.11591291,0.08000878,0.45018021,0.18781825],
[ 0.15463321,0.11310433,0.07699228,0.47982642,0.17544375],
[ 0.1000232,0.10668372,0.0721288,0.55977572,0.16138856],
[ 0.15904977,0.11399638,0.07842071,0.51040971,0.13812343],
[ 0.10059787,0.10218338,0.06921192,0.63211941,0.09588742],
[ 0.09452412,0.10006605,0.06850409,0.66015637,0.07674937],
[ 0.16102778,0.11452263,0.07896555,0.50628121,0.13920283],
[ 0.09468849,0.1083624,0.07420256,0.47712661,0.24561995],
[ 0.20043192,0.11573281,0.08064874,0.49238784,0.11079869],
[ 0.09599785,0.10696073,0.07249392,0.48093226,0.24361525],
[ 0.15225253,0.11515708,0.0798882,0.51206636,0.14063582],
[ 0.13177564,0.11252003,0.07710973,0.51451263,0.16408197],
[ 0.16783927,0.11541104,0.07965021,0.41624685,0.22085263],
[ 0.22332261,0.11556375,0.07961308,0.3840318,0.19746877],
[ 0.13716806,0.10941191,0.07450094,0.38806533,0.29085376],
[ 0.25062704,0.11474499,0.07882225,0.37849437,0.17731135],
[ 0.17838188,0.11158377,0.07644388,0.53032429,0.10326619],
[ 0.18860858,0.11379005,0.0783422,0.50436983,0.11488934],
[ 0.09441842,0.10737694,0.07297207,0.5356847,0.18954788],
[ 0.16154096,0.11468712,0.07876263,0.48238873,0.16262056],
[ 0.17395388,0.11484969,0.07952807,0.38053011,0.25113824],
[ 0.29405657,0.11362375,0.07889319,0.32191167,0.19151483],
[ 0.18962045,0.11562805,0.07973412,0.39926994,0.21574744],
[ 0.2027007,0.11670284,0.08068849,0.41849246,0.18141551],
[ 0.12803985,0.11106366,0.0755819,0.52022939,0.16508519],
[ 0.09861233,0.10681362,0.07243984,0.45577314,0.26636107],
[ 0.1424156,0.11275627,0.07748411,0.52975018,0.13759384],
[ 0.17615522,0.11573236,0.07970526,0.4608484,0.16755875],
[ 0.2345883,0.11525285,0.08010882,0.34048837,0.22956166],
[ 0.29120221,0.11485961,0.07980116,0.37553128,0.13860573],
[ 0.07134408,0.10246046,0.06961054,0.58801296,0.16857196],
[ 0.18274881,0.10937775,0.07516699,0.31757946,0.31512699],
[ 0.15245305,0.1146918,0.07894456,0.44070228,0.2132083 ],
[ 0.19361956,0.1135079,0.07822154,0.50655744,0.10809356],
[ 0.20149451,0.11640909,0.08033659,0.43431493,0.16744488],
[ 0.16699815,0.11539398,0.08008844,0.50784653,0.1296729 ],
[ 0.07640756,0.09956748,0.06711227,0.63675162,0.12016106],
[ 0.14208026,0.10832235,0.07387221,0.57644694,0.09927824],
[ 0.20727728,0.11651039,0.08050384,0.4382873,0.15742119],
[ 0.25326477,0.1158448,0.08017272,0.40628037,0.14443734],
[ 0.15843076,0.11421774,0.07905439,0.52329933,0.12499779],
[ 0.15340614,0.11102618,0.0749386,0.51078868,0.1498404 ],
[ 0.11250844,0.10709778,0.07227464,0.43094394,0.27717519],
[ 0.08361394,0.10480173,0.0708131,0.53536694,0.20540428],
[ 0.16271691,0.11201528,0.07652393,0.52726672,0.12147716],
[ 0.1043949,0.10599867,0.07226444,0.40000764,0.31733435],
[ 0.08957996,0.10572437,0.07146469,0.49661189,0.23661909],
[ 0.16982251,0.11470931,0.07922991,0.39124596,0.24499231],
[ 0.18117667,0.11416025,0.07829571,0.49196981,0.13439756],
[ 0.14858168,0.11458199,0.0790221,0.50038106,0.15743317],
[ 0.17137244,0.11356343,0.07800011,0.51168964,0.12537439],
[ 0.17540927,0.11602832,0.08002474,0.45226601,0.17627166],
[ 0.14698153,0.11428002,0.07854316,0.48564902,0.17454627],
[ 0.10402339,0.10890025,0.0743815,0.45718999,0.25550488],
[ 0.10484823,0.10273326,0.06953956,0.6266471,0.09623185],
[ 0.087252,0.09256556,0.06322537,0.70630836,0.0506487 ],
[ 0.25657711,0.11699015,0.0816196,0.37128892,0.17352422],
[ 0.15123308,0.11498935,0.07921374,0.46504137,0.18952246],
[ 0.15571467,0.11500182,0.07922363,0.48415766,0.16590221],
[ 0.19030497,0.115612,0.07956963,0.46251965,0.15199375],
[ 0.13573637,0.11039804,0.07535828,0.55280118,0.12570612],
[ 0.17331163,0.1181778,0.0829931,0.48507862,0.14043885],
[ 0.14861404,0.11123875,0.07635969,0.55144876,0.11233877],
[ 0.07252462,0.10028506,0.06750726,0.61333988,0.14634319],
[ 0.26299896,0.11222002,0.076984,0.44516587,0.10263114],
[ 0.18413823,0.11671435,0.08086085,0.41637026,0.20191632],
[ 0.10684893,0.10661594,0.07267454,0.59374754,0.12011304],
[ 0.2543513,0.11499253,0.07917598,0.37590919,0.175571,],
[ 0.21144889,0.11675164,0.08077015,0.41105265,0.17997667],
[ 0.04915996,0.09170056,0.06134658,0.66703986,0.13075304],
[ 0.2086089,0.11294954,0.0787597,0.31310329,0.28657856],
[ 0.08044084,0.10350395,0.06983815,0.57083534,0.17538172],
[ 0.12595416,0.11122252,0.07659547,0.55697228,0.12925557],
[ 0.09372326,0.0984218,0.06740356,0.67210089,0.0683505 ],
[ 0.15297368,0.11362204,0.07784588,0.50166844,0.15388997],
[ 0.19819146,0.11653853,0.080598,0.40702406,0.19764795],
[ 0.18943391,0.11706221,0.08142147,0.46980815,0.14227425],
[ 0.13265497,0.11244781,0.07705524,0.51818115,0.15966083],
[ 0.12796208,0.10723834,0.07309284,0.59022859,0.10147814],
[ 0.08749067,0.07874161,0.05439115,0.18402839,0.59534817],
[ 0.13635793,0.11042676,0.07549997,0.55588991,0.12182543],
[ 0.13099809,0.09857661,0.06663787,0.64643416,0.05735327],
[ 0.21041076,0.11677943,0.08094038,0.39441559,0.19745384],
[ 0.36785204,0.10764495,0.07445666,0.35950798,0.09053837],
[ 0.13321403,0.1043149,0.07124452,0.61571853,0.07550803],
[ 0.16743811,0.1148702,0.07884479,0.47346568,0.16538122],
[ 0.09082278,0.09844685,0.06722295,0.67010168,0.07340574],
[ 0.22688298,0.11250567,0.07734528,0.48545708,0.09780898],
[ 0.12271986,0.10475451,0.07136624,0.61390693,0.08725246],
[ 0.12044133,0.11038923,0.07558343,0.55315214,0.14043387],
[ 0.09796943,0.10499337,0.07199336,0.38629705,0.33874679],
[ 0.12435446,0.10968715,0.07559178,0.57955509,0.11081152],
[ 0.06231745,0.09549985,0.06396582,0.65395275,0.12426412],
[ 0.16773945,0.11553973,0.07967127,0.4773465,0.15970305],
[ 0.17023401,0.1162146,0.0806463,0.48890208,0.14400301],
[ 0.17557384,0.11667682,0.08087418,0.42467579,0.20219937],
[ 0.08408404,0.09872822,0.06698108,0.66103135,0.08917531],
[ 0.16612196,0.11243121,0.07695135,0.52353976,0.12095572],
[ 0.19508056,0.1159855,0.07983546,0.43212864,0.17696985],
[ 0.1908126,0.11679568,0.08094, 0.41001577,0.20143594],
[ 0.07852293,0.09453956,0.06383469,0.33905145,0.42405138],
[ 0.06909033,0.09806132,0.06582342,0.63624073,0.1307842 ],
[ 0.14119655,0.11249579,0.07686808,0.51418348,0.1552561 ],
[ 0.06511497,0.09577022,0.06419239,0.65770482,0.1172176 ],
[ 0.09975618,0.10768286,0.07310531,0.47439027,0.24506538],
[ 0.15504142,0.11485974,0.07898851,0.45531419,0.19579614],
[ 0.07588896,0.10181066,0.06848682,0.58708192,0.16673164],
[ 0.12153948,0.1080099,0.07381879,0.58577869,0.11085314],
[ 0.18088398,0.1131302,0.07821934,0.35082282,0.27694366],
[ 0.16462785,0.11545783,0.07957792,0.47523175,0.16510466],
[ 0.18078623,0.11561583,0.07973222,0.47666171,0.14720401],
[ 0.13986935,0.11413028,0.07858704,0.49439465,0.17301868],
[ 0.24875003,0.1179612,0.08290166,0.35682287,0.19356424],
[ 0.14212351,0.11418687,0.07856927,0.48898221,0.17613813],
[ 0.14938182,0.1060227,0.07246039,0.59522553,0.07690955],
[ 0.14639976,0.11404777,0.07824521,0.47542185,0.18588541],
[ 0.06450065,0.09907972,0.06650483,0.49564901,0.27426579],
[ 0.09689291,0.1075803,0.07307195,0.48773574,0.23471911],
[ 0.16629715,0.11502405,0.07902784,0.47193984,0.16771112],
[ 0.20926907,0.11518472,0.0792399,0.46091844,0.13538788],
[ 0.13447773,0.11064099,0.07555881,0.40628584,0.27303663],
[ 0.18740237,0.11690882,0.08100613,0.45228338,0.16239931],
[ 0.13073129,0.10923411,0.07515879,0.36934507,0.31553074],
[ 0.14087631,0.11111151,0.07695087,0.36378788,0.30727343],
[ 0.19762641,0.11793728,0.08219252,0.44227143,0.15997237],
[ 0.13058386,0.1144297,0.07923424,0.49874457,0.17700763],
[ 0.19257311,0.11673685,0.08084163,0.41111041,0.198738,],
[ 0.15203803,0.11375298,0.07819775,0.51209653,0.14391471],
[ 0.09575104,0.0997464,0.06744589,0.65145786,0.0855988 ],
[ 0.21504869,0.11666208,0.08082252,0.44281845,0.14464825],
[ 0.11943323,0.111074,0.07582937,0.47037978,0.22328362],
[ 0.20202805,0.11642192,0.0803433,0.42693968,0.17426705],
[ 0.14935177,0.11460277,0.07885365,0.48300714,0.17418468],
[ 0.0561251,0.09605761,0.06431295,0.61587694,0.1676274 ],
[ 0.09816101,0.08483465,0.0582067,0.21252141,0.54627623],
[ 0.18127683,0.11669816,0.08075104,0.44431933,0.17695464],
[ 0.18880264,0.11556459,0.07981228,0.39088005,0.22494043],
[ 0.23475261,0.11632044,0.08057881,0.37843767,0.18991046],
[ 0.16551142,0.09811534,0.06805094,0.22979568,0.43852661],
[ 0.16488547,0.11533389,0.07948172,0.48030372,0.1599952 ],
[ 0.09713003,0.10657215,0.07229211,0.454728,0.26927771],
[ 0.08397203,0.0893777,0.06015098,0.71713269,0.04936659],
[ 0.0959858,0.1072973,0.07286284,0.48277466,0.2410794 ],
[ 0.09843764,0.10813388,0.07370993,0.47359951,0.24611904],
[ 0.08536958,0.09674904,0.06544818,0.34314059,0.40929261],
[ 0.14427067,0.11124174,0.07636074,0.5522005,0.11592634],
[ 0.18117349,0.11619679,0.08022635,0.42501419,0.19738917],
[ 0.10717516,0.10772088,0.07289349,0.45534801,0.25686245],
[ 0.13048325,0.11431325,0.07920405,0.50980317,0.16619628],
[ 0.11115769,0.09593041,0.06454919,0.66994938,0.05841333],
[ 0.1075806,0.10469023,0.07140012,0.61723691,0.09909215],
[ 0.15657454,0.11300936,0.0774873,0.52043999,0.13248881],
[ 0.16774508,0.11118466,0.07613322,0.54031261,0.10462443],
[ 0.16504403,0.11546353,0.0795522,0.47180557,0.16813466],
[ 0.16327107,0.11263912,0.07725884,0.52623686,0.12059411],
[ 0.13862271,0.1120353,0.07681118,0.53586427,0.13666654],
[ 0.18356338,0.11655363,0.08067209,0.41739112,0.20181977],
[ 0.13858857,0.10933228,0.07471368,0.56922437,0.10814111],
[ 0.16466479,0.1155292,0.07975054,0.48353678,0.1565187 ],
[ 0.12330046,0.11026082,0.07531814,0.5509615,0.14015909],
[ 0.14556144,0.11418018,0.07844305,0.48271759,0.17909774],
[ 0.1379089,0.11332561,0.07792641,0.51515183,0.15568725],
[ 0.13962336,0.11350118,0.07855026,0.53517848,0.13314672],
[ 0.17303777,0.11430537,0.07845591,0.49432889,0.13987205],
[ 0.18507083,0.11606323,0.08027155,0.40168883,0.21690556],
[ 0.06882333,0.10201783,0.06903514,0.55055709,0.20956661],
[ 0.17284622,0.11540957,0.07956154,0.48235002,0.14983264],
[ 0.09325287,0.10151447,0.06964252,0.65101131,0.08457884],
[ 0.16444831,0.1145048,0.07885118,0.50213595,0.14005975],
[ 0.20035152,0.11004722,0.07628068,0.29867288,0.3146477 ],
[ 0.15314119,0.11460923,0.0787418,0.47268762,0.18082016],
[ 0.22682907,0.11639538,0.08042259,0.40830135,0.16805162],
[ 0.10771696,0.10713539,0.07352283,0.59958926,0.11203555],
[ 0.1191785,0.10931131,0.07457857,0.56220663,0.13472498],
[ 0.08598094,0.1047607,0.0706655,0.5507227,0.18787016],
[ 0.08688298,0.10195626,0.069118,0.62887873,0.11316402],
[ 0.11974577,0.10378097,0.07060519,0.6214037,0.08446437],
[ 0.15843138,0.11207857,0.07680007,0.53406344,0.11862654],
[ 0.13887398,0.1115992,0.076567,0.54586913,0.12709069],
[ 0.17695856,0.11512521,0.07903427,0.46756266,0.16131931],
[ 0.22314156,0.11611007,0.08020148,0.38818575,0.19236114],
[ 0.18140686,0.11324758,0.07763788,0.50759645,0.12011123],
[ 0.0986183,0.10679903,0.0735144,0.60405836,0.11700992],
[ 0.13510489,0.11429103,0.07889465,0.49216384,0.17954558],
[ 0.14981858,0.11445643,0.07893173,0.42590553,0.23088774],
[ 0.15526965,0.10772119,0.07357095,0.57775779,0.08568041],
[ 0.21097402,0.11708053,0.08166708,0.37132529,0.21895308],
[ 0.09166408,0.10638256,0.0719817,0.52519071,0.20478095],
[ 0.24163682,0.11669044,0.08100702,0.38301792,0.17764781],
[ 0.18013528,0.11622875,0.08030232,0.42205502,0.20127862],
[ 0.16644305,0.11618729,0.08034671,0.46466493,0.17235802],
[ 0.14536293,0.1116391,0.07649499,0.54241742,0.12408556],
[ 0.12929557,0.1112342,0.07562241,0.46359056,0.22025726],
[ 0.12058514,0.10585369,0.07196717,0.60188011,0.09971389],
[ 0.15493972,0.11362371,0.07807557,0.51432485,0.13903614],
[ 0.19111106,0.1159687,0.07983612,0.43211331,0.18097081],
[ 0.13450575,0.10985398,0.07503917,0.56218527,0.11841583],
[ 0.16342633,0.10041552,0.06943722,0.24881823,0.4179027 ],
[ 0.12061531,0.11144682,0.07644967,0.53412736,0.15736084],
[ 0.21619857,0.11595244,0.08016521,0.45369525,0.13398853],
[ 0.06308529,0.07631495,0.05197442,0.21253107,0.59609427],
[ 0.21682081,0.11754954,0.0819083,0.38745383,0.19626752],
[ 0.15505745,0.11353262,0.07775407,0.5040512,0.14960466],
[ 0.37932853,0.10901887,0.07592939,0.31012099,0.12560222],
[ 0.12622378,0.1102731,0.07557292,0.56106111,0.12686909],
[ 0.21667258,0.11646347,0.08077765,0.37788748,0.2081988 ],
[ 0.12442498,0.10006703,0.06880743,0.28589682,0.42080374],
[ 0.15681456,0.11507205,0.07922096,0.44820256,0.20068988],
[ 0.35952098,0.1078195,0.07437933,0.36784484,0.09043536],
[ 0.18454353,0.116946,0.081018,0.43600322,0.18148925],
[ 0.15618281,0.10579363,0.072029,0.58949751,0.07649704],
[ 0.23238416,0.11762617,0.0819535,0.40598423,0.16205194],
[ 0.09155335,0.08940985,0.06027186,0.71430985,0.04445509],
