# -*- coding: utf-8 -*-

'''
    test15和test16是用来做对比的
'''

#Total error: 0.000454706268108
#Total error: 0.000452579415323
#Total error: 0.000450515309565
a=[
[9.19554149e-03,8.17656796e-13,8.15937457e-03,2.56771772e-07
,3.97466051e-08,9.82644771e-01,8.43921297e-09,4.75768755e-14
,3.45158070e-09,4.27859484e-09],
[8.23105889e-01,7.73969831e-04,2.52727011e-03,9.19375636e-04
,4.61428013e-04,1.72137689e-01,5.19316023e-05,8.93869335e-09
,1.19185898e-05,1.05193567e-05],
[9.80966002e-01,2.56745401e-08,1.18650707e-02,6.95812251e-04
,3.71877768e-03,2.74896900e-03,4.54154369e-06,4.13743350e-11
,5.18713745e-07,2.82556621e-07],
[8.69803667e-01,3.89608038e-05,1.71848864e-03,6.90177038e-05
,8.15170112e-04,1.27525161e-01,2.27244546e-05,2.44363961e-09
,3.26961231e-06,3.53819124e-06],
[3.81225213e-02,1.05122409e-10,9.58217721e-01,2.69290699e-05
,3.43841282e-03,1.94147979e-04,1.39366778e-07,1.18287386e-12
,6.23588252e-08,6.63689538e-08],
[6.54899594e-01,2.59787211e-04,2.57072719e-01,8.66471048e-02
,1.79048177e-04,8.94905467e-04,2.65804161e-05,1.11084448e-09
,1.42585540e-05,6.00086315e-06],
[1.49621943e-03,9.84920138e-01,2.59577063e-05,2.69665157e-03
,3.56638887e-05,1.07939805e-02,8.35012824e-06,4.64445441e-08
,1.12468669e-05,1.17456075e-05],
[9.92210729e-01,7.63351749e-12,4.74668771e-03,2.82935971e-03
,2.05430145e-04,7.44221732e-06,3.33375893e-07,1.11750877e-13
,1.49832128e-08,2.47507720e-09],
[9.97420490e-01,2.10711025e-10,1.78037723e-03,5.23407687e-04
,1.85254610e-06,2.73364652e-04,4.74407816e-07,4.12663753e-13
,2.71149309e-08,5.88851234e-09],
[1.75541314e-03,9.72675115e-01,3.44299215e-05,2.72904155e-03
,4.04718477e-05,2.27266669e-02,9.72547624e-06,5.64708637e-08
,1.37898704e-05,1.52900680e-05],
[9.85494901e-01,8.35957959e-07,6.65589257e-03,8.71636046e-06
,5.24981116e-05,7.78181383e-03,4.43083658e-06,1.13700485e-10
,4.74384382e-07,4.37098749e-07],
[9.76929032e-01,5.99198259e-06,1.11430112e-02,2.30131813e-05
,8.56730849e-05,1.18027113e-02,8.22953404e-06,3.50966195e-10
,1.18851579e-06,1.14937845e-06],
[4.25490481e-04,2.11076904e-05,1.98445426e-04,3.00275248e-05
,9.02800904e-07,9.99322493e-01,2.31188509e-07,2.66779279e-10
,4.72946419e-07,8.28422231e-07],
[7.06465334e-01,2.39848713e-02,1.32390515e-02,2.17000671e-03
,7.95725071e-04,2.53111435e-01,1.21617486e-04,5.49176578e-08
,5.31855541e-05,5.87188861e-05],
[8.44108037e-01,1.23397430e-04,8.68030859e-03,1.88400736e-04
,6.64663821e-04,1.46190289e-01,3.01746003e-05,3.97777786e-09
,6.97256437e-06,7.75281654e-06],
[2.27316165e-03,1.42170995e-08,8.39070302e-01,7.83236964e-02
,9.87175283e-04,7.93426512e-02,3.15087196e-07,2.08258222e-11
,1.46271154e-06,1.22161041e-06],
[9.76839676e-01,2.31742196e-06,4.42579473e-03,1.23726991e-05
,1.09597444e-04,1.86017909e-02,6.89544331e-06,2.66572827e-10
,7.80913017e-07,7.74248153e-07],
[4.11077151e-03,3.39179836e-03,3.12497803e-02,2.34695940e-03
,7.93904334e-06,9.58850460e-01,3.83221254e-06,5.47133933e-09
,1.51787590e-05,2.32753010e-05],
[9.95503882e-01,5.54742350e-10,1.71139288e-03,7.28154861e-04
,1.92723612e-06,2.05384330e-03,7.33407483e-07,1.01603360e-12
,5.24901103e-08,1.30687279e-08],
[9.73488477e-01,1.50856037e-06,7.05365488e-03,8.17212797e-03
,2.23603034e-04,1.10463905e-02,1.13579814e-05,1.92639349e-10
,2.03202221e-06,8.47959486e-07],
[7.35004576e-03,8.15143820e-10,3.93887988e-04,5.77576808e-05
,9.92195849e-01,2.23813227e-06,1.78816331e-07,4.40793712e-12
,2.39786731e-08,1.78396698e-08],
[2.32856550e-01,4.36095481e-07,2.39070328e-03,4.52864329e-06
,3.00098153e-05,7.64713969e-01,2.55655493e-06,1.72208033e-10
,5.16637424e-07,7.29820069e-07],
[5.10120881e-01,2.45494406e-02,1.39908444e-03,3.19868038e-03
,1.08340474e-03,4.59439086e-01,1.24910612e-04,6.70830543e-08
,4.25666033e-05,4.18781305e-05],
[8.40030732e-02,7.11702639e-01,3.61320491e-04,2.58439561e-02
,7.77187243e-04,1.77038973e-01,1.21669449e-04,2.07114811e-07
,8.09263227e-05,7.00479998e-05],
[8.90792916e-01,1.84718637e-05,1.02520938e-03,1.99130945e-05
,2.27584087e-04,1.07897645e-01,1.47151909e-05,1.26166558e-09
,1.69254905e-06,1.85095280e-06],
[8.29104495e-01,5.90952190e-05,2.21558661e-03,5.47112275e-05
,2.68872754e-04,1.68268896e-01,2.11281543e-05,2.42631303e-09
,3.41788011e-06,3.79456401e-06],
[9.31610078e-01,2.34271266e-05,2.01101956e-03,6.75118330e-05
,1.55076465e-03,6.47101699e-02,2.12702776e-05,1.93801434e-09
,2.79910673e-06,2.95746535e-06],
[9.23116905e-01,1.81008893e-05,1.07838288e-03,1.91513800e-05
,2.24140516e-04,7.55256773e-02,1.43428507e-05,1.15802655e-09
,1.59297827e-06,1.70506238e-06],
[9.92316067e-01,7.38156106e-11,7.26876282e-03,3.88934576e-04
,1.12203640e-06,2.48294711e-05,2.65260210e-07,1.30278574e-13
,1.55091729e-08,3.04110954e-09],
[6.36596777e-01,1.81703151e-08,1.59130266e-01,1.70186411e-06
,1.27884144e-05,2.04256361e-01,1.33567382e-06,2.43668576e-11
,3.04343767e-07,4.47774966e-07],
[9.67831000e-01,3.76802020e-06,9.03034757e-04,4.51283285e-05
,1.06518606e-04,3.10996409e-02,9.29584873e-06,3.68353011e-10
,9.02746848e-07,7.10452974e-07],
[9.74502210e-01,2.11562259e-06,5.38093905e-03,8.12269655e-05
,8.51393491e-03,1.15031859e-02,1.32901247e-05,6.20391885e-10
,1.57030829e-06,1.52614388e-06],
[1.08879677e-03,6.89084626e-07,9.98799159e-01,6.85094194e-05
,4.25614373e-05,5.75594093e-08,5.43224066e-08,3.48265498e-12
,9.17729724e-08,8.07360408e-08],
[9.14982803e-01,1.44201607e-07,8.43562560e-02,1.72347896e-05
,5.13908263e-05,5.89344844e-04,2.25839410e-06,2.61813899e-11
,3.18762188e-07,2.49464668e-07],
[8.79803748e-01,2.52204595e-09,9.78151416e-03,1.78883898e-04
,1.09274792e-05,1.10223130e-01,1.48016666e-06,7.51340204e-12
,2.03790013e-07,1.09907961e-07],
[9.86422823e-01,9.40908712e-08,1.93941022e-03,2.73988354e-03
,1.08794525e-05,8.88257911e-03,3.75910357e-06,2.42057816e-11
,4.32248866e-07,1.39679192e-07],
[9.25784367e-01,5.56980440e-04,2.54595592e-03,3.77073607e-03
,2.57954030e-03,6.46720346e-02,6.59838815e-05,9.10855577e-09
,1.40640414e-05,1.03290895e-05],
[8.38982278e-04,5.26263948e-08,1.65907652e-03,1.20169895e-03
,9.96299680e-01,2.05459124e-07,1.62728348e-07,1.44027166e-11
,8.35352421e-08,5.82886996e-08],
[6.27172702e-03,3.03509650e-11,1.90260314e-03,1.01466906e-07
,1.32156616e-07,9.91825399e-01,1.78697825e-08,3.68051129e-13
,7.07038846e-09,1.17695614e-08],
[8.49048926e-03,8.70364478e-01,8.99306245e-05,1.02805841e-01
,5.24200847e-05,1.81163312e-02,2.78479430e-05,5.71835960e-08
,3.27122355e-05,1.98933349e-05],
[9.08699173e-03,1.03693988e-12,9.90796104e-01,2.86962514e-09
,1.06235970e-08,1.16886196e-04,2.00853441e-09,5.93193109e-15
,7.95700303e-10,1.27445149e-09],
[9.87718373e-01,1.73579569e-12,1.13190709e-02,9.47896613e-04
,5.79155970e-06,8.72471185e-06,1.35006471e-07,2.43713985e-14
,6.69631729e-09,1.04592516e-09],
[8.04328212e-01,3.84894419e-06,2.22676942e-03,1.73212181e-05
,1.41005548e-04,1.93270790e-01,9.38197052e-06,5.85038037e-10
,1.25632425e-06,1.41378519e-06],
[9.10261693e-01,1.41346429e-04,2.16541515e-03,1.24616033e-04
,1.11282284e-03,8.61505014e-02,3.28424372e-05,4.45749053e-09
,5.22577797e-06,5.53269647e-06],
[9.31024579e-01,2.28315370e-07,1.05438815e-02,9.20437386e-05
,5.29192815e-02,5.40877227e-03,9.19142499e-06,2.73580479e-10
,1.02771370e-06,9.93976034e-07],
[3.21904682e-04,2.46570936e-12,4.16285626e-04,3.55744828e-09
,7.79111063e-09,9.99261794e-01,1.26443073e-09,4.56289561e-14
,8.36810846e-10,2.05440014e-09],
[9.09095066e-01,1.00334336e-05,1.14979962e-03,2.73201735e-05
,2.92048112e-04,8.94091890e-02,1.34539465e-05,9.49939249e-10
,1.52325591e-06,1.56579862e-06],
[6.25929327e-01,9.06919281e-10,3.72253548e-01,1.21641052e-05
,1.41191864e-03,3.92004505e-04,8.08723422e-07,4.28021241e-12
,1.19187627e-07,1.08263002e-07],
[2.18072476e-03,5.51893322e-07,3.81634047e-03,9.04952461e-02
,2.20286684e-07,9.03505122e-01,3.45039958e-07,2.93220814e-11
,9.84203999e-07,4.65411911e-07],
[9.95638754e-01,6.97854592e-10,2.25721059e-03,6.23477099e-04
,1.30299920e-05,1.46650059e-03,9.40912566e-07,1.67113452e-12
,6.68963886e-08,1.91881092e-08],
[9.88996914e-01,1.12719132e-08,6.39386890e-04,9.93309989e-03
,3.31043226e-06,4.25384729e-04,1.74399811e-06,3.36130374e-12
,1.26610513e-07,2.17522319e-08],
[1.49727295e-01,8.55349136e-05,3.25806436e-03,1.71324825e-04
,7.03337600e-05,8.46666801e-01,1.05738386e-05,2.40922534e-09
,4.51854468e-06,5.55121584e-06],
[5.26674087e-01,3.99893521e-07,3.35807079e-02,5.15154737e-04
,2.25175157e-05,4.39199444e-01,4.85506419e-06,1.26799360e-10
,1.60132904e-06,1.23293867e-06],
[7.75695496e-01,1.15470257e-02,1.86020380e-03,1.11221996e-01
,7.83246495e-04,9.86725502e-02,1.45849915e-04,2.93752687e-08
,4.89204801e-05,2.46821039e-05],
[9.09989186e-01,2.14517906e-05,8.70294105e-04,2.28940610e-05
,2.91302702e-04,8.87853917e-02,1.58646939e-05,1.38154642e-09
,1.74852133e-06,1.86479294e-06],
[9.66271111e-02,2.76196606e-04,3.37323501e-03,7.93715989e-04
,4.25018976e-04,8.98467558e-01,1.61563642e-05,6.08357441e-09
,9.41111300e-06,1.15909371e-05],
[9.88348410e-01,5.80223890e-11,4.65614093e-03,6.82961223e-03
,1.26246345e-04,3.89234054e-05,6.22494422e-07,3.69576802e-13
,3.79674348e-08,6.61046495e-09],
[9.91722727e-01,6.76669326e-10,6.45253795e-03,5.24788517e-04
,1.17443042e-03,1.24117130e-04,1.28485960e-06,2.82905446e-12
,8.39170482e-08,2.92274709e-08],
[9.94075265e-01,3.21532857e-07,2.73002375e-03,4.99927524e-04
,5.00719842e-05,2.63900583e-03,4.68750137e-06,5.11893241e-11
,4.83270503e-07,2.13401568e-07],
[9.12039938e-01,8.01114256e-08,1.39225992e-02,8.84525635e-05
,7.29142635e-02,1.02714046e-03,6.36518607e-06,1.24019292e-10
,6.23011817e-07,5.37653102e-07],
[4.89195269e-03,4.12141279e-11,2.24440856e-03,6.72987145e-08
,5.15819162e-07,9.92863011e-01,1.94374637e-08,5.81154788e-13
,8.40460647e-09,1.69106385e-08],
[4.83105634e-01,2.05680133e-01,7.81791873e-03,1.46051597e-01
,1.33221342e-03,1.55496459e-01,2.46771155e-04,1.37624831e-07
,1.59942160e-04,1.09193410e-04],
[9.01907666e-01,4.06012205e-07,5.06798150e-03,1.46759645e-04
,8.96921834e-02,3.17175265e-03,1.11685380e-05,3.64114481e-10
,1.10630485e-06,9.75782223e-07],
[7.23420597e-03,8.63469327e-01,1.53494096e-04,1.05073305e-01
,3.13430225e-03,2.07881781e-02,4.36368583e-05,1.52582491e-07
,5.66366446e-05,4.67622405e-05],
[6.65844816e-01,2.40434923e-08,3.33842127e-01,1.36673823e-06
,2.47831423e-05,2.85766714e-04,8.49442370e-07,8.03019655e-12
,1.29698262e-07,1.37616231e-07],
[9.98036448e-01,2.04831423e-10,5.09469449e-04,1.32229047e-03
,1.01389308e-06,1.30298246e-04,4.55961985e-07,2.98544647e-13
,2.06844631e-08,3.31786085e-09],
[6.22950835e-04,9.94160173e-01,1.45840050e-05,1.94394072e-03
,1.28840195e-05,3.22839586e-03,4.22669984e-06,2.62532842e-08
,6.42028386e-06,6.39830969e-06],
[9.51998553e-01,7.51911853e-07,2.71482173e-03,4.80119610e-05
,2.45739220e-04,4.49834204e-02,7.19502214e-06,2.19481910e-10
,8.14831282e-07,6.91184141e-07],
[2.38853428e-02,7.34253543e-11,9.76102662e-01,8.35639940e-07
,1.09053755e-05,2.24679036e-07,1.96096704e-08,6.15451483e-14
,5.33272037e-09,4.19085603e-09],
[1.05487214e-01,4.38416016e-13,8.40607310e-01,7.95114093e-06
,7.35976994e-04,5.31614110e-02,7.98787642e-08,2.18931488e-13
,2.60609639e-08,3.08996375e-08],
[9.03011681e-01,3.02355978e-05,1.09209698e-03,4.80267460e-05
,3.84989346e-04,9.54093307e-02,1.89131074e-05,1.72881043e-09
,2.34199135e-06,2.38248311e-06],
[2.29937803e-02,2.97105735e-06,3.70108537e-03,9.59401782e-01
,6.20038455e-07,1.38961932e-02,1.55203313e-06,4.14799153e-11
,1.64100380e-06,3.74948158e-07],
[9.54602822e-01,3.60218890e-06,3.22140595e-03,1.32728136e-05
,1.19860510e-04,4.20287168e-02,8.32047886e-06,4.01484839e-10
,9.77899998e-07,1.02089229e-06],
[5.92176471e-01,9.60954265e-07,3.63419862e-01,4.34753635e-04
,4.37650949e-02,1.91466758e-04,7.78864888e-06,2.24294276e-10
,1.91712790e-06,1.68454133e-06],
[2.84548764e-01,2.94628586e-02,3.06895696e-01,1.86767029e-01
,1.87604816e-01,4.26377202e-03,1.56857798e-04,7.29860121e-08
,1.60515331e-04,1.39617753e-04],
[9.63593158e-02,1.31349200e-07,6.82389188e-03,8.96716782e-01
,9.14406970e-05,6.51209986e-06,1.44497762e-06,6.79762269e-12
,4.21255248e-07,6.01155501e-08],
[9.14985081e-01,9.67128905e-04,9.21203523e-03,8.50479424e-03
,2.96301060e-02,3.65496141e-02,1.00910969e-04,1.81738372e-08
,2.76368103e-05,2.26743133e-05],
[8.20747328e-04,9.87005774e-01,9.24463933e-06,4.32701635e-03
,2.48691522e-05,7.78951582e-03,6.16555834e-06,3.74760252e-08
,8.62204844e-06,8.00793162e-06],
[4.37349878e-03,5.51868142e-08,8.19236312e-05,9.95085004e-01
,4.58375167e-04,7.43240699e-07,2.96694816e-07,3.19523213e-12
,9.17616297e-08,1.19957531e-08],
[9.25477898e-01,1.52003756e-05,8.74241402e-04,2.74891938e-05
,2.18474013e-04,7.33694284e-02,1.42104084e-05,1.04197813e-09
,1.53311716e-06,1.52373975e-06],
[7.54005205e-01,1.73381924e-05,1.76523735e-03,2.45101094e-05
,2.19266356e-04,2.43949445e-01,1.43806587e-05,1.40117686e-09
,2.11349832e-06,2.50151445e-06],
[9.97931882e-01,1.73916420e-10,4.88624960e-04,1.44298554e-03
,9.88023082e-07,1.35052936e-04,4.42932295e-07,2.75754992e-13
,1.99403513e-08,3.13180161e-09],
[9.80792868e-01,2.39939979e-07,1.98549063e-03,7.47605045e-05
,4.14001817e-05,1.71002706e-02,4.28888896e-06,6.66831217e-11
,4.19765075e-07,2.61483396e-07],
[9.96993906e-01,2.15387595e-08,6.71220086e-04,3.46114589e-04
,9.95314137e-06,1.97660417e-03,2.00293988e-06,9.07863020e-12
,1.33228563e-07,4.43471491e-08],
[7.52898951e-01,2.70442881e-03,1.48041144e-03,6.18940734e-04
,6.78468101e-04,2.41517388e-01,6.96890301e-05,1.91979059e-08
,1.57689386e-05,1.59346519e-05],
[9.41734365e-01,9.77450882e-06,8.24882899e-04,3.13111237e-05
,1.72205462e-04,5.72125427e-02,1.24551527e-05,7.54440033e-10
,1.28143381e-06,1.18096429e-06],
[9.33804700e-01,1.67737786e-05,4.88009433e-03,2.79387910e-04
,1.68241152e-02,4.41570570e-02,2.87321245e-05,2.56209071e-09
,4.51220634e-06,4.62467085e-06],
[8.20922332e-01,1.39378010e-08,1.78675059e-01,1.15746989e-06
,1.49525952e-05,3.85489576e-04,7.99541861e-07,6.02312546e-12
,9.90364653e-08,9.73657320e-08],
[2.64733140e-01,2.21273151e-01,1.07537313e-03,1.53314637e-02
,8.99931481e-04,4.96346465e-01,1.69912597e-04,1.70467496e-07
,8.89857026e-05,8.14066742e-05],
[9.90325099e-02,1.82863250e-09,2.14015509e-03,8.63474956e-05
,8.98715398e-01,2.45105538e-05,9.30926169e-07,1.32748414e-11
,8.45047214e-08,6.20756135e-08],
[2.29002063e-02,5.90628359e-09,9.77098645e-01,1.24572663e-07
,1.25835058e-07,8.43086390e-07,2.81150320e-08,2.45564722e-13
,1.04196853e-08,1.08320681e-08],
[8.70286311e-01,6.09405257e-04,4.73773200e-03,2.31799057e-04
,4.28749010e-04,1.23643982e-01,4.24584365e-05,7.53363442e-09
,9.46705050e-06,1.00890605e-05],
[2.35079359e-04,9.95991221e-01,2.54999929e-06,8.53745352e-04
,8.30453425e-06,2.89946509e-03,2.38374360e-06,2.18979388e-08
,3.51238296e-06,3.71646030e-06],
[1.51536836e-01,4.64400730e-01,5.63871823e-04,7.53265149e-03
,8.68078391e-04,3.74796073e-01,1.41993678e-04,2.21290781e-07
,7.84728842e-05,8.10715581e-05],
[9.39018490e-01,4.77729279e-05,4.21618245e-03,9.61840389e-04
,3.29333723e-02,2.27672253e-02,4.20540046e-05,4.21059841e-09
,6.90544768e-06,6.15337737e-06],
[3.80068782e-02,5.04983717e-11,9.84828589e-03,8.84231266e-07
,3.04251287e-07,9.52143540e-01,6.24580297e-08,6.32936587e-13
,2.01951993e-08,2.48466153e-08],
[4.23704913e-04,9.91438628e-01,5.18119786e-06,5.21828573e-03
,1.99081805e-04,2.69402431e-03,5.47531848e-06,4.62149959e-08
,7.85983743e-06,7.71290993e-06],
[1.18002144e-04,9.96892817e-01,7.95726982e-07,6.79721971e-04
,5.57460886e-06,2.29665252e-03,1.59565939e-06,1.80495120e-08
,2.36381622e-06,2.45816587e-06],
[1.24520289e-04,9.96588167e-01,8.78934860e-07,6.30046614e-04
,6.03497853e-06,2.64356869e-03,1.66025276e-06,1.90548108e-08
,2.46806461e-06,2.63572660e-06],
[5.98018549e-04,9.90363667e-01,3.39160889e-06,1.13523979e-03
,2.07249302e-05,7.86267296e-03,4.71026284e-06,3.66000325e-08
,5.59070937e-06,5.94790824e-06],
[8.63154856e-05,9.97388993e-01,5.55648169e-07,5.36321946e-04
,4.62613539e-06,1.97779843e-03,1.30328039e-06,1.63780083e-08
,1.97607167e-06,2.09409624e-06],
[7.86391424e-03,9.43439449e-01,4.32838543e-05,2.82781807e-03
,1.21769504e-04,4.56345689e-02,2.46347948e-05,9.76121364e-08
,2.14773643e-05,2.29864809e-05],
[9.90541028e-05,9.97135672e-01,6.48486359e-07,6.43170037e-04
,5.03150536e-06,2.11056055e-03,1.43469500e-06,1.70641656e-08
,2.16279880e-06,2.24872395e-06],
[1.11388949e-04,9.96865375e-01,7.98768062e-07,6.15452399e-04
,5.62366461e-06,2.39498127e-03,1.54526627e-06,1.81893642e-08
,2.33280634e-06,2.48330686e-06],
[5.16961157e-04,9.88649007e-01,4.44558932e-06,5.71345555e-03
,2.89114836e-05,5.06879133e-03,5.03213228e-06,3.39335895e-08
,7.13052488e-06,6.23133887e-06],
[9.89467437e-05,9.97194807e-01,6.62982023e-07,6.07471035e-04
,6.20440254e-06,2.08589509e-03,1.46364255e-06,1.79173692e-08
,2.19756782e-06,2.33384099e-06],
[9.79426802e-05,9.97182017e-01,6.36490759e-07,5.58024681e-04
,5.30276952e-06,2.15024968e-03,1.42190642e-06,1.73991931e-08
,2.12518299e-06,2.26258156e-06],
[9.66448251e-05,9.97161422e-01,6.75114786e-07,6.08284034e-04
,5.45904801e-06,2.12159567e-03,1.42484235e-06,1.73919136e-08
,2.17443556e-06,2.30262859e-06],
[1.25864506e-04,9.96862895e-01,9.51684087e-07,6.40472531e-04
,6.13038394e-06,2.35691974e-03,1.65530736e-06,1.86737913e-08
,2.46932226e-06,2.62314829e-06],
[4.98035670e-04,9.92257025e-01,3.69310255e-06,1.62038466e-03
,2.91358618e-05,5.57547162e-03,4.49353895e-06,3.58647263e-08
,5.75802338e-06,5.96652561e-06],
[5.51817289e-04,9.90732430e-01,5.95494285e-06,4.81429794e-03
,1.26597637e-04,3.74664728e-03,5.98997561e-06,4.56977191e-08
,8.23303872e-06,7.98642405e-06],
[2.58986190e-04,8.59731481e-04,6.06612204e-05,4.30898143e-02
,9.55717615e-01,7.87489862e-06,1.71800746e-06,2.88762400e-09
,2.05144491e-06,1.54424673e-06],
[9.67997803e-05,9.97173967e-01,6.26832506e-07,5.51386030e-04
,5.20711258e-06,2.16622515e-03,1.40983976e-06,1.73241090e-08
,2.11013231e-06,2.25042548e-06],
[1.05625409e-04,9.96999896e-01,6.67123628e-07,5.64779603e-04
,5.39692970e-06,2.31759484e-03,1.48852023e-06,1.78720907e-08
,2.19617414e-06,2.33796092e-06],
[1.26349731e-02,9.28488788e-01,8.24588088e-05,7.12960776e-03
,5.46707951e-04,5.10057098e-02,4.05043581e-05,1.44350864e-07
,3.49579606e-05,3.61474225e-05],
[4.05632555e-03,8.99750979e-01,5.01457010e-05,6.78704647e-02
,1.01134540e-04,2.80980061e-02,2.16437806e-05,7.06142407e-08
,2.98283776e-05,2.14017788e-05],
[9.11712991e-05,9.97333538e-01,6.03279520e-07,5.67811503e-04
,4.93996669e-06,1.99634390e-03,1.35522137e-06,1.67199772e-08
,2.05247173e-06,2.16797660e-06],
[8.69374371e-05,9.97406843e-01,5.72159282e-07,5.48955092e-04
,5.02456158e-06,1.94618978e-03,1.32172214e-06,1.66430554e-08
,2.00761937e-06,2.13170597e-06],
[2.14550360e-04,9.95304843e-01,1.44457127e-06,1.29272103e-03
,1.01314915e-05,3.16687849e-03,2.47712104e-06,2.31102283e-08
,3.48709951e-06,3.44418459e-06],
[2.84197252e-01,3.61180311e-01,2.10573947e-03,4.53937172e-02
,1.58880398e-02,2.90604297e-01,2.93972814e-04,3.72280273e-07
,1.71663101e-04,1.64635234e-04],
[1.19782190e-04,9.96783325e-01,7.70904798e-07,6.24962194e-04
,5.81502129e-06,2.45885546e-03,1.61533732e-06,1.85749029e-08
,2.36195085e-06,2.49326949e-06],
[2.12552311e-02,1.98769034e-01,1.09234725e-04,7.64272750e-01
,5.04690900e-05,1.54614992e-02,3.61878378e-05,2.78406201e-08
,3.26983003e-05,1.28683368e-05],
[2.06692664e-02,6.59829184e-10,7.86907701e-01,9.54447539e-05
,1.92327297e-01,6.50617783e-08,1.44146802e-07,1.22882521e-12
,4.63718774e-08,3.48455029e-08],
[8.85486629e-05,9.97384460e-01,5.91018653e-07,5.51601701e-04
,5.07031299e-06,1.96419213e-03,1.33482224e-06,1.67071288e-08
,2.02767967e-06,2.15676735e-06],
[2.70593609e-03,9.69342712e-01,2.69668977e-05,7.86625753e-03
,2.62555893e-04,1.97397152e-02,1.66338171e-05,8.71372952e-08
,1.95779791e-05,1.95578856e-05],
[1.07433005e-04,9.96863160e-01,7.09537292e-07,5.93023400e-04
,5.61295101e-06,2.42384068e-03,1.51859177e-06,1.82020388e-08
,2.26702246e-06,2.41687536e-06],
[1.64011594e-04,9.96102795e-01,1.05514528e-06,7.04618098e-04
,7.62555940e-06,3.01210946e-03,1.99234234e-06,2.12105258e-08
,2.80439025e-06,2.96765234e-06],
[3.67506985e-04,9.92224178e-01,2.51166205e-06,3.96598012e-03
,1.76343630e-05,3.40865412e-03,3.78956031e-06,2.72588273e-08
,5.21249254e-06,4.50585560e-06],
[9.30392501e-05,9.97265389e-01,5.95558955e-07,5.40481628e-04
,4.91274677e-06,2.08996449e-03,1.36787916e-06,1.69206724e-08
,2.05134887e-06,2.18100884e-06],
[8.35327880e-05,9.97457901e-01,5.45154755e-07,5.12829215e-04
,4.53376347e-06,1.93536703e-03,1.27236126e-06,1.61931786e-08
,1.93742652e-06,2.06457677e-06],
[6.11157993e-04,9.91576131e-01,5.00614628e-06,1.20241948e-03
,1.92843566e-05,6.56932363e-03,4.62261932e-06,3.44793824e-08
,5.82262968e-06,6.19736863e-06],
[1.33579539e-04,9.96440535e-01,1.09373525e-06,8.93719469e-04
,1.00286131e-05,2.51327373e-03,1.87376147e-06,2.12015726e-08
,2.86091220e-06,3.01443861e-06],
[1.38957758e-04,9.96587788e-01,1.07396751e-06,8.16053010e-04
,9.11502992e-06,2.43941431e-03,1.86791710e-06,2.07282208e-08
,2.78102099e-06,2.92784434e-06],
[5.36874840e-03,9.48885383e-01,1.28597604e-04,5.13625850e-03
,1.10949860e-04,4.02941130e-02,2.05163313e-05,8.69577420e-08
,2.64356717e-05,2.89107245e-05],
[3.63935550e-04,9.92821912e-01,3.06708197e-06,1.23600123e-03
,1.42878787e-05,5.54753554e-03,3.44767726e-06,2.95449808e-08
,4.76983320e-06,5.01344715e-06],
[8.33726203e-04,9.87902171e-01,4.81012992e-06,1.23254753e-03
,2.45516208e-05,9.98269422e-03,5.77530641e-06,4.11373368e-08
,6.61305688e-06,7.06979426e-06],
[5.72337060e-03,9.54715738e-01,4.45253790e-04,3.20395726e-02
,2.42594920e-03,4.53695529e-03,2.95648469e-05,1.08089705e-07
,4.27196106e-05,4.07684732e-05],
[5.22261295e-01,1.64471533e-01,3.10833250e-03,6.26767735e-02
,2.76361976e-02,2.19179637e-01,3.52950925e-04,2.86965765e-07
,1.67733728e-04,1.45259883e-04],
[2.79750524e-02,4.37882114e-01,2.64009938e-04,4.83947392e-03
,2.54920240e-04,5.28625761e-01,5.28460902e-05,1.48473115e-07
,4.84275854e-05,5.72466833e-05],
[5.82555316e-03,9.37229689e-01,3.56893159e-05,3.12269650e-03
,1.17499912e-04,5.36036012e-02,2.17319613e-05,9.68425282e-08
,2.08368518e-05,2.26053561e-05],
[1.79101458e-03,9.86948236e-01,3.51469918e-05,2.20618435e-03
,3.15545821e-05,8.95616915e-03,8.61574670e-06,4.42340622e-08
,1.12133361e-05,1.18206871e-05],
[9.37670501e-05,9.97109068e-01,6.41933555e-07,5.86362641e-04
,5.27642085e-06,2.19904706e-03,1.39940766e-06,1.73569534e-08
,2.14090351e-06,2.27886795e-06],
[3.85852836e-04,9.90234212e-01,4.33003098e-06,1.85830815e-03
,1.68679958e-05,7.48470226e-03,3.82353576e-06,3.24318941e-08
,5.80898589e-06,6.06216893e-06],
[2.84783924e-04,9.94196663e-01,1.95098269e-06,2.15633332e-03
,9.20644098e-06,3.34028155e-03,2.93049198e-06,2.30937035e-08
,4.09592282e-06,3.73101732e-06],
[5.39438466e-04,9.88775455e-01,7.22305569e-06,7.49519184e-03
,3.40911341e-04,2.81595470e-03,6.78564136e-06,5.35727083e-08
,9.66179685e-06,9.32455260e-06],
[1.52762280e-04,9.95864870e-01,1.02445965e-06,8.04729982e-04
,6.96830375e-06,3.16192996e-03,1.93324897e-06,2.07460208e-08
,2.81956237e-06,2.94099748e-06],
[9.48304430e-05,9.97158539e-01,6.54120516e-07,5.95741168e-04
,5.79595746e-06,2.13851941e-03,1.42216354e-06,1.76567715e-08
,2.16824273e-06,2.31165662e-06],
[1.11648308e-01,6.96041745e-01,7.31188836e-04,2.06547485e-02
,5.94977029e-03,1.64577750e-01,1.71557781e-04,3.29637284e-07
,1.10411844e-04,1.14190772e-04],
[1.40505662e-04,9.96605502e-01,1.03460894e-06,8.26982397e-04
,9.48211415e-06,2.40889145e-03,1.88942199e-06,2.08959767e-08
,2.77853896e-06,2.91321647e-06],
[1.87412040e-04,9.95597925e-01,1.15347403e-06,7.07354872e-04
,8.33800552e-06,3.48943354e-03,2.17582809e-06,2.26341569e-08
,2.99380469e-06,3.19042555e-06],
[8.36521455e-05,9.97436656e-01,5.43801558e-07,5.09877145e-04
,4.54728230e-06,1.95942255e-03,1.27453572e-06,1.62516639e-08
,1.93973549e-06,2.07021154e-06],
[1.79500510e-03,9.76949795e-01,1.02904472e-05,2.07122380e-03
,5.20454770e-05,1.90893809e-02,1.00603388e-05,5.94395990e-08
,1.07551335e-05,1.13847503e-05],
[2.27383099e-04,9.95018756e-01,1.43410096e-06,1.30946162e-03
,9.03832596e-06,3.42442126e-03,2.53199259e-06,2.29922247e-08
,3.51411511e-06,3.43681991e-06],
[1.10135907e-04,9.96952434e-01,7.10442803e-07,5.72872592e-04
,5.67845332e-06,2.35196144e-03,1.53093780e-06,1.82039863e-08
,2.25363940e-06,2.40407538e-06],
[1.31009626e-04,9.96038003e-01,1.03778397e-06,8.55726590e-04
,8.09300674e-06,2.95848247e-03,1.82707031e-06,2.08469602e-08
,2.82025188e-06,2.97983980e-06],
[1.21810835e-04,9.96714723e-01,7.75026007e-07,8.06959974e-04
,5.62699123e-06,2.34353323e-03,1.65098316e-06,1.81507772e-08
,2.43580756e-06,2.46629655e-06],
[1.62338223e-04,9.95735622e-01,1.08561653e-06,1.22579021e-03
,6.68706201e-06,2.86050967e-03,2.03428752e-06,2.00050104e-08
,2.99690674e-06,2.91587482e-06],
[8.54107298e-05,9.97425099e-01,5.64413653e-07,5.24165593e-04
,4.57581722e-06,1.95482047e-03,1.29024331e-06,1.62808076e-08
,1.96563008e-06,2.09132984e-06],
[1.14821183e-04,9.96976677e-01,8.69864957e-07,6.92597113e-04
,5.93480073e-06,2.20258725e-03,1.58049757e-06,1.80775897e-08
,2.39966312e-06,2.51417529e-06],
[1.56028279e-04,9.95271662e-01,1.14246318e-06,1.11154782e-03
,6.65192203e-06,3.44480725e-03,2.00729164e-06,2.07376222e-08
,3.05631298e-06,3.07574841e-06],
[2.13723143e-04,9.95282950e-01,1.33407385e-06,7.50702631e-04
,9.02664308e-06,3.73325970e-03,2.36219204e-06,2.36308279e-08
,3.20756669e-06,3.40996074e-06],
[9.06681093e-05,9.97293106e-01,5.82837396e-07,5.40347418e-04
,4.84168766e-06,2.06490204e-03,1.34738335e-06,1.67792895e-08
,2.03037235e-06,2.15775053e-06],
[2.68655109e-04,9.94659536e-01,1.91724150e-06,1.84345317e-03
,1.14199161e-05,3.20428359e-03,2.87952784e-06,2.40695025e-08
,4.02709572e-06,3.80429465e-06],
[2.57038066e-04,9.94852986e-01,1.91401354e-06,1.11057337e-03
,1.75476499e-05,3.74883036e-03,2.89061171e-06,2.78342284e-08
,3.98669164e-06,4.20561384e-06],
[2.19134709e-01,4.78055784e-01,7.91615544e-04,1.06769669e-01
,1.20798311e-03,1.93622624e-01,2.10423696e-04,2.03422254e-07
,1.22401813e-04,8.45855491e-05],
[1.01726784e-04,9.97135608e-01,6.80980425e-07,6.10385538e-04
,5.07658427e-06,2.14059393e-03,1.44871155e-06,1.72109229e-08
,2.17722389e-06,2.28478263e-06],
[1.59496255e-04,9.95813048e-01,1.05818454e-06,9.80449917e-04
,6.97026977e-06,3.03109289e-03,2.00014176e-06,2.05463250e-08
,2.91789158e-06,2.94628471e-06],
[9.12487040e-05,9.97337489e-01,6.12792630e-07,5.78161367e-04
,5.64547716e-06,1.98113025e-03,1.38007344e-06,1.72253783e-08
,2.09189815e-06,2.22290038e-06],
[3.15036041e-02,4.96001052e-10,9.05182922e-04,5.23223851e-05
,9.67533290e-01,5.20511113e-06,3.39963764e-07,4.74370374e-12
,3.20437061e-08,2.27355188e-08],
[1.17609527e-04,9.96689523e-01,7.72829598e-07,8.08532511e-04
,5.53690896e-06,2.37149527e-03,1.62157256e-06,1.80614571e-08
,2.42629074e-06,2.46433587e-06],
[1.10669266e-04,9.96789357e-01,7.44827097e-07,6.57776232e-04
,5.84851159e-06,2.42921241e-03,1.56174082e-06,1.83897672e-08
,2.34268848e-06,2.46907842e-06],
[1.60309756e-04,9.96133302e-01,1.01850678e-06,7.92974947e-04
,7.04246743e-06,2.89769603e-03,1.96511077e-06,2.05379181e-08
,2.78880814e-06,2.88220646e-06],
[1.53749564e-04,9.96229356e-01,1.00434747e-06,6.60302346e-04
,6.99800675e-06,2.94110648e-03,1.89660509e-06,2.05889502e-08
,2.69661007e-06,2.86913892e-06],
[1.13690485e-04,9.96981923e-01,8.14236825e-07,6.03726581e-04
,5.48864087e-06,2.28802064e-03,1.54630807e-06,1.79502918e-08
,2.31487222e-06,2.45731073e-06],
[2.98139306e-02,4.24652093e-01,3.52699403e-03,3.14228055e-01
,1.79631092e-01,4.76155110e-02,1.36939027e-04,3.63488823e-07
,1.97307744e-04,1.97713405e-04],
[1.94234902e-04,9.95558504e-01,1.18578100e-06,8.24575620e-04
,8.32703693e-06,3.40463076e-03,2.23717264e-06,2.24913561e-08
,3.07959613e-06,3.20216232e-06],
[1.38896149e-02,8.85747760e-01,1.20852731e-04,4.64940887e-03
,1.93004324e-04,9.52900074e-02,3.70435946e-05,1.27632141e-07
,3.45124496e-05,3.76681737e-05],
[6.11157993e-04,9.91576131e-01,5.00614628e-06,1.20241948e-03
,1.92843566e-05,6.56932363e-03,4.62261932e-06,3.44793824e-08
,5.82262968e-06,6.19736863e-06],
[8.32265678e-05,9.97451915e-01,5.40258743e-07,5.17732891e-04
,4.62475309e-06,1.93666138e-03,1.27474389e-06,1.62646576e-08
,1.94093802e-06,2.06768285e-06],
[8.38905296e-05,9.97425212e-01,5.48592473e-07,5.19395700e-04
,4.52492466e-06,1.96111270e-03,1.27739404e-06,1.62306594e-08
,1.94811349e-06,2.07404432e-06],
[1.10560274e-03,9.85635247e-01,7.41917802e-06,2.24193548e-03
,4.72660177e-05,1.09370150e-02,7.58242908e-06,4.94022912e-08
,8.80429893e-06,9.07873157e-06],
[1.19546861e-04,9.96781934e-01,7.59426203e-07,8.46206308e-04
,5.65039198e-06,2.23940018e-03,1.63535969e-06,1.78882169e-08
,2.41816731e-06,2.43107270e-06],
[1.60071643e-04,9.96102209e-01,1.03616428e-06,1.14775619e-03
,6.95367024e-06,2.57422497e-03,2.00232412e-06,1.97626449e-08
,2.89910418e-06,2.82725352e-06],
[1.22715491e-04,9.96605316e-01,8.00666948e-07,6.24713738e-04
,6.48967819e-06,2.63323183e-03,1.66657334e-06,1.93904897e-08
,2.44075305e-06,2.60591602e-06],
[4.13658143e-04,9.93091063e-01,2.93429136e-06,1.32463663e-03
,2.00063076e-05,5.13369446e-03,3.83477508e-06,3.18830881e-08
,4.97276328e-06,5.16736798e-06],
[1.02964606e-03,9.86295275e-01,6.09731515e-06,1.50840056e-03
,3.20572875e-05,1.11060117e-02,6.76865677e-06,4.54061862e-08
,7.62616960e-06,8.07206193e-06],
[2.17146402e-02,3.02682685e-01,1.33959230e-03,1.52333036e-02
,6.22186947e-04,6.58184491e-01,5.21601258e-05,1.49024798e-07
,7.67039246e-05,9.40884340e-05],
[1.84636643e-01,4.96180772e-01,6.71937549e-04,1.62552710e-02
,1.63506979e-03,3.00249341e-01,1.79894959e-04,2.53090199e-07
,9.80716958e-05,9.27458865e-05],
[1.00322255e-04,9.97187008e-01,6.92008546e-07,5.88616691e-04
,5.71898728e-06,2.11164765e-03,1.45428094e-06,1.76466760e-08
,2.19130550e-06,2.33137579e-06],
[8.18535113e-04,9.63319019e-01,9.58577340e-06,2.18844327e-03
,2.26420387e-05,3.36144105e-02,6.49082546e-06,5.03375193e-08
,9.80399689e-06,1.10192100e-05],
[9.59512185e-05,9.96783690e-01,6.84604713e-07,5.77490869e-04
,5.06493210e-06,2.53109620e-03,1.42150789e-06,1.77443262e-08
,2.20696833e-06,2.37606409e-06],
[1.48468371e-04,9.95757337e-01,1.10769459e-06,9.68698751e-04
,8.34946024e-06,3.10796929e-03,1.97695071e-06,2.14069981e-08
,2.98306559e-06,3.08827654e-06],
[9.78402784e-05,9.97194514e-01,6.35547971e-07,5.76435644e-04
,5.08003498e-06,2.11970265e-03,1.41552892e-06,1.71517206e-08
,2.11987332e-06,2.23905048e-06],
[1.36015702e-04,9.96611417e-01,9.37571016e-07,7.85105807e-04
,9.31560295e-06,2.44978652e-03,1.85423039e-06,2.08714529e-08
,2.70252952e-06,2.84402022e-06],
[8.89930151e-05,9.97380406e-01,5.96478212e-07,5.67443376e-04
,5.35592997e-06,1.95160416e-03,1.35087676e-06,1.69258781e-08
,2.05316185e-06,2.17989053e-06],
[2.16907490e-04,9.94997386e-01,1.48972265e-06,9.74071861e-04
,1.23025615e-05,3.78802839e-03,2.52969301e-06,2.53563672e-08
,3.53639163e-06,3.72244115e-06],
[1.45974071e-04,9.96370624e-01,9.67452925e-07,8.47584603e-04
,7.04974655e-06,2.62040697e-03,1.87356840e-06,1.98939061e-08
,2.71768463e-06,2.78195211e-06],
[9.04873489e-01,7.00207833e-04,3.40799489e-03,1.57171000e-03
,4.73294374e-04,8.88994718e-02,5.23027677e-05,7.37641707e-09
,1.20238099e-05,9.49786948e-06],
[8.72879426e-03,9.44131356e-01,1.01043892e-04,2.24473700e-02
,3.90436355e-03,2.05542852e-02,4.43370741e-05,1.78968326e-07
,4.44534012e-05,4.38180184e-05],
[1.25322495e-03,9.84926501e-01,9.04672164e-06,1.64742393e-03
,3.01326094e-05,1.21087366e-02,7.41193442e-06,4.58132237e-08
,8.48750694e-06,8.98909831e-06],
[8.61462924e-05,9.97414095e-01,5.62373313e-07,5.44737245e-04
,4.81069972e-06,1.94423075e-03,1.30798158e-06,1.64583517e-08
,1.98730496e-06,2.10625203e-06],
[2.70847656e-02,1.64177698e-06,3.32520469e-03,3.69924982e-05
,6.41560899e-05,9.69483135e-01,1.62033218e-06,3.12424680e-10
,9.78625394e-07,1.50501275e-06],
[2.28799760e-04,9.83422781e-01,3.24498008e-06,1.25812974e-03
,9.07670724e-06,1.50640346e-02,2.82696329e-06,3.11104385e-08
,5.14402167e-06,5.93100883e-06],
[9.58245481e-05,9.97214763e-01,6.10715943e-07,6.13414890e-04
,4.87549385e-06,2.06480259e-03,1.39939703e-06,1.68352369e-08
,2.10198700e-06,2.19068394e-06],
[8.77706136e-05,9.97378027e-01,5.77528862e-07,5.59096679e-04
,5.03852905e-06,1.96397628e-03,1.33129354e-06,1.66928842e-08
,2.02244814e-06,2.14299596e-06],
[3.13901506e-04,9.93914941e-01,1.93369781e-06,8.66649756e-04
,1.21724206e-05,4.87918226e-03,3.04541639e-06,2.76946738e-08
,3.94484341e-06,4.20180627e-06],
[9.31896278e-05,9.97244000e-01,6.17069735e-07,5.70029814e-04
,5.23149967e-06,2.08121212e-03,1.38482542e-06,1.71328877e-08
,2.09440205e-06,2.22347597e-06],
[8.00106858e-03,9.36461608e-01,3.54847357e-05,3.15428583e-03
,1.48145735e-04,5.21277710e-02,2.61109400e-05,1.05041928e-07
,2.20529343e-05,2.33675836e-05],
[6.90850102e-02,8.32248194e-01,5.15854718e-02,3.85197642e-02
,7.07751557e-04,7.53990667e-03,7.84428323e-05,1.00760595e-07
,1.20440862e-04,1.14917434e-04],
[3.00890791e-04,9.93433973e-01,2.09641914e-06,1.68578309e-03
,1.03603483e-05,4.55536387e-03,3.07028553e-06,2.56582007e-08
,4.28569527e-06,4.15086789e-06],
[1.46789661e-04,9.96044520e-01,9.76103438e-07,8.91133902e-04
,6.42809254e-06,2.90267387e-03,1.88081762e-06,1.98617449e-08
,2.76326839e-06,2.81432996e-06],
[2.11456205e-04,9.95235102e-01,1.75272827e-06,1.68549826e-03
,1.87257811e-05,2.83689205e-03,2.68549448e-06,2.58642427e-08
,3.93947790e-06,3.92239111e-06],
[1.77378236e-04,9.94563687e-01,1.34910832e-06,8.54225178e-04
,8.27035723e-06,4.38610952e-03,2.18637692e-06,2.34096999e-08
,3.26674686e-06,3.50379259e-06],
[9.86292753e-05,9.96840126e-01,7.01421688e-07,6.03958838e-04
,5.37865637e-06,2.44509780e-03,1.45238193e-06,1.78934876e-08
,2.24046128e-06,2.39733092e-06],
[3.29952065e-01,1.94422075e-01,8.73816680e-04,6.19793098e-03
,1.21330610e-03,4.67013087e-01,1.76363623e-04,1.78188698e-07
,7.53996441e-05,7.57784378e-05],
[1.04708642e-04,9.96950768e-01,7.65831769e-07,6.49020419e-04
,5.94442011e-06,2.28249428e-03,1.51184402e-06,1.81118607e-08
,2.31415757e-06,2.45478265e-06],
[8.76089526e-05,9.97400730e-01,5.81473811e-07,5.48193811e-04
,5.13765589e-06,1.95223119e-03,1.33023966e-06,1.67537045e-08
,2.02055101e-06,2.14980386e-06],
[1.08245800e-02,8.82324477e-01,9.66090928e-05,4.27391314e-03
,1.40711249e-04,1.02242663e-01,3.15832379e-05,1.17483875e-07
,3.11113472e-05,3.42342906e-05],
[1.07819047e-04,9.96991674e-01,7.50945755e-07,5.84303726e-04
,5.37648905e-06,2.30389726e-03,1.50226733e-06,1.78271652e-08
,2.25535517e-06,2.40288622e-06],
[9.29949944e-05,9.97283939e-01,6.22141490e-07,6.08084216e-04
,5.60964495e-06,2.00297659e-03,1.39876306e-06,1.72460236e-08
,2.12071409e-06,2.23676609e-06],
[2.99373903e-04,9.94574169e-01,2.30361567e-06,1.44245974e-03
,1.21662912e-05,3.65818006e-03,3.01888516e-06,2.55166859e-08
,4.17028250e-06,4.13256415e-06],
[9.04873489e-01,7.00207833e-04,3.40799489e-03,1.57171000e-03
,4.73294374e-04,8.88994718e-02,5.23027677e-05,7.37641707e-09
,1.20238099e-05,9.49786948e-06],
[6.20815782e-04,9.88495252e-01,5.23150950e-06,2.04168619e-03
,3.86573770e-05,8.77800317e-03,5.46644517e-06,4.27206105e-08
,7.22558434e-06,7.61950550e-06],
[2.84197252e-01,3.61180311e-01,2.10573947e-03,4.53937172e-02
,1.58880398e-02,2.90604297e-01,2.93972814e-04,3.72280273e-07
,1.71663101e-04,1.64635234e-04],
[3.16831409e-04,9.93675114e-01,2.27741034e-06,1.00417507e-03
,1.19992893e-05,4.97793245e-03,3.08621034e-06,2.75721799e-08
,4.16271583e-06,4.39380783e-06],
[4.86486096e-04,9.91484438e-01,2.78720838e-06,1.10991678e-03
,1.84121625e-05,6.88330946e-03,4.15591126e-06,3.39892008e-08
,5.08147818e-06,5.37909174e-06],
[1.33579752e-03,9.83391289e-01,1.27741167e-05,3.31893179e-03
,3.09954862e-05,1.18820368e-02,8.09026343e-06,4.53507951e-08
,1.01349964e-05,9.90514311e-06],
[9.37614075e-01,2.38979603e-05,2.27535772e-03,2.22915380e-05
,2.11747242e-04,5.98337030e-02,1.49032551e-05,1.22780346e-09
,1.92041555e-06,2.10246559e-06],
[1.96062885e-04,9.95699949e-01,1.30973669e-06,8.60224293e-04
,8.72502330e-06,3.22504219e-03,2.25307749e-06,2.24494741e-08
,3.14433048e-06,3.26706455e-06],
[1.37851727e-04,9.96534402e-01,9.31063814e-07,9.05735874e-04
,7.46033092e-06,2.40634727e-03,1.83366967e-06,1.96675971e-08
,2.68887556e-06,2.72977796e-06],
[8.16776422e-05,9.97474759e-01,5.30009178e-07,5.07140560e-04
,4.50905765e-06,1.92614862e-03,1.25665525e-06,1.61294849e-08
,1.91718248e-06,2.04561822e-06],
[2.59485106e-03,9.74900864e-01,1.78968574e-05,3.67027832e-03
,1.65525434e-04,1.86048573e-02,1.44712953e-05,7.91176964e-08
,1.52318344e-05,1.59449525e-05],
[4.37207516e-04,9.86037789e-01,6.07473179e-06,1.80341650e-03
,2.30425772e-05,1.16734533e-02,4.35206981e-06,3.86965959e-08
,6.92344433e-06,7.70165082e-06],
[1.81894502e-04,9.95776077e-01,1.19403986e-06,7.46417508e-04
,7.99317832e-06,3.27814136e-03,2.12896246e-06,2.20025749e-08
,2.98140065e-06,3.15002316e-06],
[1.36709990e-02,9.22604586e-01,6.78221704e-05,1.93530183e-02
,2.38697580e-04,4.39591397e-02,4.08474337e-05,1.12560314e-07
,3.53792103e-05,2.93984096e-05],
[1.59599493e-04,9.95630409e-01,1.36523334e-06,1.16344138e-03
,1.41646110e-05,3.02185706e-03,2.21132324e-06,2.41457011e-08
,3.38374132e-06,3.54405736e-06],
[1.33564318e-04,9.96078625e-01,1.03868400e-06,9.16061072e-04
,8.78580035e-06,2.85416811e-03,1.86916018e-06,2.11035090e-08
,2.86552101e-06,3.00091743e-06],
[1.12788108e-03,9.80636926e-01,9.41157146e-06,7.35099340e-03
,2.80022078e-05,1.08195144e-02,7.87328470e-06,4.19949295e-08
,1.03982917e-05,8.95741648e-06],
[8.53528267e-05,9.97326526e-01,5.72067744e-07,5.25875486e-04
,4.64391011e-06,2.05159748e-03,1.29788486e-06,1.65043466e-08
,1.99047482e-06,2.12777247e-06],
[5.36777265e-03,2.96692594e-01,3.99001477e-04,2.97245111e-01
,3.96916874e-01,3.19674209e-03,4.99529267e-05,1.81450470e-07
,6.98985011e-05,6.18714489e-05],
[2.28942779e-04,9.95187947e-01,1.47939987e-06,9.48910301e-04
,1.32683252e-05,3.60955905e-03,2.60628816e-06,2.57190604e-08
,3.54026086e-06,3.72098381e-06],
[8.53194138e-04,9.84169709e-01,1.43423620e-05,5.86938551e-03
,3.54168448e-05,9.03086830e-03,6.76763333e-06,4.16227675e-08
,1.04287975e-05,9.84572982e-06],
[2.84783924e-04,9.94196663e-01,1.95098269e-06,2.15633332e-03
,9.20644098e-06,3.34028155e-03,2.93049198e-06,2.30937035e-08
,4.09592282e-06,3.73101732e-06],
[1.89440618e-04,9.95588427e-01,1.25341507e-06,1.54487256e-03
,9.64728358e-06,2.65750826e-03,2.32362437e-06,2.16667967e-08
,3.33181430e-06,3.17404383e-06],
[1.10927245e-04,9.96914526e-01,7.59271070e-07,7.53284689e-04
,6.22079326e-06,2.20784790e-03,1.58048715e-06,1.82226610e-08
,2.37900442e-06,2.45687090e-06],
[8.03090111e-04,9.89599006e-01,6.01787416e-06,1.24636541e-03
,2.22596833e-05,8.30412234e-03,5.48708512e-06,3.84083841e-08
,6.58148758e-06,7.03124232e-06],
[1.08646824e-03,9.85287304e-01,5.49632010e-06,1.58328545e-03
,2.87756107e-05,1.19862012e-02,6.94660564e-06,4.52339755e-08
,7.60092518e-06,7.87665478e-06],
[3.44742045e-04,9.89516708e-01,2.78301618e-06,1.10481796e-03
,1.27698308e-05,9.00444479e-03,3.42746212e-06,3.18085306e-08
,4.90467431e-06,5.37048562e-06],
[4.79234486e-04,9.90773778e-01,4.66400211e-06,3.03331943e-03
,2.23603979e-05,5.66959856e-03,4.48094595e-06,3.29808587e-08
,6.40494044e-06,6.12654199e-06],
[1.29215864e-01,3.05138296e-01,5.50306761e-01,1.13364344e-02
,1.49299584e-04,3.61495107e-03,5.51366264e-05,3.88964438e-08
,9.01710413e-05,9.30477245e-05],
[1.38896149e-02,8.85747760e-01,1.20852731e-04,4.64940887e-03
,1.93004324e-04,9.52900074e-02,3.70435946e-05,1.27632141e-07
,3.45124496e-05,3.76681737e-05],
[1.78695367e-04,9.95975737e-01,1.35713996e-06,1.08027407e-03
,8.32633778e-06,2.74713876e-03,2.15017585e-06,2.11163800e-08
,3.14132508e-06,3.15904309e-06],
[9.67425731e-01,8.92448693e-07,3.48871547e-03,3.87403613e-05
,6.09630564e-05,2.89778093e-02,5.90925823e-06,1.56020795e-10
,6.89281855e-07,5.49926533e-07],
[4.07465316e-02,1.61417521e-11,9.59247719e-01,9.80924801e-07
,4.43857439e-06,3.06815418e-07,1.67273565e-08,2.67896847e-14
,3.60130465e-09,2.36842181e-09],
[1.12784900e-04,8.69785763e-17,9.99886634e-01,4.65569476e-11
,9.23645780e-12,5.80882581e-07,4.78129748e-12,2.66006194e-18
,3.42533781e-12,4.63973160e-12],
[6.74175560e-03,3.56988526e-10,9.31961344e-01,3.59715651e-02
,2.91065662e-08,2.53250694e-02,5.05049500e-08,2.55634281e-13
,1.37691299e-07,4.84171614e-08],
[1.37361179e-02,1.63464293e-14,9.86263806e-01,7.38677586e-08
,1.26157341e-09,7.70505591e-10,3.29883456e-10,3.56920118e-17
,4.55158807e-11,1.43872589e-11],
