# -*- coding: utf-8 -*-
a=[
[4.58218630e-03,4.22009671e-02,9.53124680e-01,9.21541736e-05
,1.22674634e-08],
[5.24254343e-06,3.20668918e-07,9.99994324e-01,1.12398513e-07
,6.51646147e-12],
[1.91230656e-03,1.10238971e-01,8.87815833e-01,3.28842607e-05
,4.84976553e-09],
[1.85742488e-05,9.99860453e-01,1.20969292e-04,3.29708318e-09
,3.85346861e-16],
[5.19277702e-02,8.75086264e-02,8.60491765e-01,7.18160010e-05
,2.25071174e-08],
[7.40469033e-06,2.39968138e-05,9.99968558e-01,4.03195795e-08
,3.01917022e-13],
[2.14157155e-02,8.74841314e-01,1.03736848e-01,6.12179305e-06
,1.32738373e-10],
[1.44114992e-03,5.88738332e-04,9.97834489e-01,1.35377321e-04
,2.45151072e-07],
[4.90521458e-05,9.99859655e-01,9.12901120e-05,2.33375641e-09
,4.60769185e-16],
[2.03132859e-03,9.76816679e-01,2.11515900e-02,4.02546709e-07
,7.11681597e-12],
[1.40736096e-03,6.67031458e-04,9.97924879e-01,7.28734264e-07
,2.29524918e-11],
[4.54770254e-03,3.33379817e-02,9.62012945e-01,1.01356254e-04
,1.42713822e-08],
[3.28573243e-02,8.79763568e-01,8.73687323e-02,1.03756433e-05
,7.55302352e-11],
[1.44268969e-03,6.03169965e-04,9.97819382e-01,1.34517307e-04
,2.40910318e-07],
[1.54929132e-03,9.97243603e-01,1.20700378e-03,1.01559733e-07
,5.14072540e-14],
[1.43976973e-03,5.86970615e-04,9.97837601e-01,1.35412529e-04
,2.45637584e-07],
[2.05442066e-03,9.76404690e-01,2.15404802e-02,4.09513342e-07
,7.34788933e-12],
[3.54134566e-04,1.89271931e-02,9.80718655e-01,1.74021653e-08
,1.05178288e-14],
[2.06790635e-04,5.11610833e-05,9.99741979e-01,6.96261000e-08
,7.16646525e-13],
[2.05330165e-03,9.76408277e-01,2.15380123e-02,4.09329819e-07
,7.34710312e-12],
[1.43976973e-03,5.86970615e-04,9.97837601e-01,1.35412529e-04
,2.45637584e-07],
[1.76642678e-05,2.52563281e-05,9.99957000e-01,7.96899870e-08
,3.30256162e-13],
[3.38200194e-04,9.58035689e-01,4.16252063e-02,9.04667440e-07
,6.37797330e-12],
[5.32621049e-02,9.97225960e-02,8.46945403e-01,6.98764368e-05
,2.00481041e-08],
[1.66140589e-03,7.15308202e-04,9.97490202e-01,1.32859050e-04
,2.25274530e-07],
[1.43621518e-03,5.85033984e-04,9.97843516e-01,1.34989963e-04
,2.44498911e-07],
[5.19576802e-02,8.75821992e-02,8.60388297e-01,7.18008538e-05
,2.24950047e-08],
[8.45223114e-06,6.20529665e-07,9.99990822e-01,1.05615897e-07
,4.88744658e-12],
[2.05306550e-03,9.76411244e-01,2.15352811e-02,4.09265781e-07
,7.34549917e-12],
[5.74877097e-05,1.26610694e-04,9.99815581e-01,3.20714552e-07
,2.47592974e-12],
[1.80170733e-03,2.07240380e-01,7.90933467e-01,2.44431412e-05
,2.54008116e-09],
[3.72721999e-05,3.76721884e-05,9.99924876e-01,1.79464031e-07
,2.52274220e-13],
[5.19628726e-02,8.76099298e-02,8.60355375e-01,7.17998470e-05
,2.24882309e-08],
[3.41752739e-04,9.56213188e-01,4.34441115e-02,9.48160074e-07
,6.78719866e-12],
[1.55178146e-03,9.97241063e-01,1.20705393e-03,1.01570387e-07
,5.14511009e-14],
[5.34393120e-06,3.28992734e-07,9.99994212e-01,1.15150952e-07
,6.75482573e-12],
[2.89066065e-02,8.09305209e-01,1.61778238e-01,9.94597832e-06
,2.95887303e-10],
[7.43296036e-04,4.54887014e-03,9.94707785e-01,4.86432962e-08
,3.37709277e-14],
[6.57050834e-04,8.93883010e-01,1.05458292e-01,1.64726739e-06
,2.45323817e-12],
[1.45291223e-03,6.00527709e-04,9.97810670e-01,1.35648482e-04
,2.41498905e-07],
[8.41786925e-03,5.41194061e-02,9.37281368e-01,1.81349034e-04
,7.67154421e-09],
[2.28909544e-05,9.99504926e-01,4.72167969e-04,1.47285002e-08
,2.48073492e-15],
[3.24021372e-04,9.59760253e-01,3.99148464e-02,8.78940545e-07
,5.81889216e-12],
[2.20031942e-04,5.57075927e-05,9.99724191e-01,6.93690113e-08
,6.95910013e-13],
[1.43977153e-03,5.86973255e-04,9.97837597e-01,1.35412481e-04
,2.45636827e-07],
[7.40158318e-03,9.76034545e-01,1.65627335e-02,1.13781564e-06
,4.99369334e-12],
[5.27294993e-06,3.25350172e-07,9.99994289e-01,1.12524230e-07
,6.44678377e-12],
[5.17786975e-02,8.71422693e-02,8.61007119e-01,7.18915214e-05
,2.25676227e-08],
[1.96374407e-03,9.57507610e-01,4.05277339e-02,9.12204973e-07
,1.51410189e-11],
[2.59530254e-03,9.89366522e-01,8.03737598e-03,7.99383026e-07
,7.66410128e-13],
[1.88473816e-03,2.22145423e-01,7.75946057e-01,2.37796971e-05
,2.39760480e-09],
[4.68891241e-03,4.63572559e-02,9.48862773e-01,9.10475857e-05
,1.14182099e-08],
[2.14083235e-02,8.75057460e-01,1.03528108e-01,6.10826205e-06
,1.32341896e-10],
[1.43976970e-03,5.86970600e-04,9.97837602e-01,1.35412526e-04
,2.45637575e-07],
[5.19565940e-02,8.75795259e-02,8.60392056e-01,7.18014077e-05
,2.24954467e-08],
[1.07849989e-03,7.64245869e-01,2.34669680e-01,5.95111642e-06
,1.34801414e-10],
[4.51026875e-03,9.90178060e-01,5.31116899e-03,5.02274975e-07
,6.25787326e-13],
[1.36063782e-03,5.47178369e-03,9.93167481e-01,9.77803206e-08
,2.26773543e-14],
[1.43976995e-03,5.86970763e-04,9.97837601e-01,1.35412528e-04
,2.45637550e-07],
[1.43977357e-03,5.86994907e-04,9.97837575e-01,1.35411068e-04
,2.45630027e-07],
[1.60444782e-03,7.72287522e-04,9.97484950e-01,1.38114527e-04
,2.00347070e-07],
[1.62617339e-03,5.15809536e-01,4.82550934e-01,1.33559567e-05
,5.93228400e-10],
[5.24250763e-06,3.20663417e-07,9.99994324e-01,1.12398367e-07
,6.51654487e-12],
[2.26804028e-05,9.99512728e-01,4.64577536e-04,1.44614341e-08
,2.41794146e-15],
[5.31179851e-05,9.91616799e-01,8.33008336e-03,1.37740147e-10
,1.75131401e-19],
[2.26178580e-03,1.09589873e-03,9.96514887e-01,1.27242435e-04
,1.86220897e-07],
[1.44520487e-03,5.90032802e-04,9.97829172e-01,1.35344817e-04
,2.45079108e-07],
[1.54712095e-03,9.97250776e-01,1.20200152e-03,1.01113164e-07
,5.10889502e-14],
[3.78843983e-03,9.64877487e-01,3.13304803e-02,3.59246364e-06
,5.64953518e-12],
[5.24255552e-06,3.20670775e-07,9.99994324e-01,1.12398563e-07
,6.51643340e-12],
[7.05600946e-04,8.75627013e-01,1.23664435e-01,2.95074845e-06
,4.17969296e-11],
[1.43976973e-03,5.86970615e-04,9.97837601e-01,1.35412529e-04
,2.45637584e-07],
[6.34320144e-04,7.65420092e-01,2.33945581e-01,7.06140384e-09
,1.10586665e-16],
[7.47926468e-03,9.59555348e-01,3.29639467e-02,1.44111707e-06
,1.74812447e-11],
[1.52937820e-02,9.27670248e-01,5.70324284e-02,3.54168403e-06
,4.48071531e-11],
[1.80225540e-03,2.07488244e-01,7.90685059e-01,2.44392994e-05
,2.53639479e-09],
[1.75182098e-05,9.99822827e-01,1.59649951e-04,4.52646910e-09
,5.30153763e-16],
[2.27241992e-05,9.99509208e-01,4.68053657e-04,1.45808294e-08
,2.44367216e-15],
[5.24251925e-06,3.20664417e-07,9.99994324e-01,1.12398329e-07
,6.51653545e-12],
[5.44549089e-06,3.89623194e-07,9.99994055e-01,1.09988160e-07
,5.74710674e-12],
[1.80391805e-03,2.07472637e-01,7.90698988e-01,2.44548464e-05
,2.53692465e-09],
[1.80404265e-03,2.05590412e-01,7.92580989e-01,2.45538198e-05
,2.56364769e-09],
[6.76558914e-04,9.42479619e-01,5.68414007e-02,2.42092579e-06
,8.40693728e-12],
[1.80177976e-03,2.07150933e-01,7.91022836e-01,2.44489350e-05
,2.54131467e-09],
[2.44823013e-04,9.99135588e-01,6.19573849e-04,1.55359649e-08
,1.48982409e-14],
[5.62120368e-04,9.55478678e-01,4.39574543e-02,1.74724239e-06
,4.25673363e-12],
[5.59963123e-06,7.73102026e-07,9.99993536e-01,9.07926552e-08
,3.48417577e-12],
[1.80166229e-03,2.07232428e-01,7.90941464e-01,2.44435000e-05
,2.54016048e-09],
[1.66263576e-03,1.84909189e-01,8.13406308e-01,2.18652460e-05
,2.11225219e-09],
[8.42990853e-03,5.44511224e-02,9.36937773e-01,1.81188367e-04
,7.63491885e-09],
[2.12309451e-03,9.75533436e-01,2.23430413e-02,4.28107972e-07
,7.81305887e-12],
[1.43976973e-03,5.86970619e-04,9.97837601e-01,1.35412529e-04
,2.45637583e-07],
[2.05465007e-03,9.76391528e-01,2.15534124e-02,4.09692725e-07
,7.35610574e-12],
[4.30950850e-03,2.25920172e-01,7.69722872e-01,4.74444721e-05
,2.58318986e-09],
[5.24250748e-06,3.20663404e-07,9.99994324e-01,1.12398363e-07
,6.51654452e-12],
[1.43977662e-03,5.87002959e-04,9.97837564e-01,1.35410789e-04
,2.45627962e-07],
[3.54175465e-02,8.39047527e-01,1.25519454e-01,1.54724659e-05
,1.30534069e-10],
[3.42661090e-04,9.55725393e-01,4.39309863e-02,9.59868965e-07
,6.89830074e-12],
[5.19577163e-02,8.75824392e-02,8.60388021e-01,7.18008107e-05
,2.24949175e-08],
[1.03687173e-04,1.73755016e-05,9.99874059e-01,4.87669328e-06
,1.76155364e-09],
[1.41169839e-05,3.65388253e-06,9.99982086e-01,1.42788627e-07
,1.21556861e-12],
[1.79540353e-05,2.66310002e-05,9.99955336e-01,7.94611063e-08
,3.18572136e-13],
[3.32242501e-02,8.76608928e-01,9.01560864e-02,1.07352590e-05
,7.90557828e-11],
[5.84256807e-06,3.97239846e-07,9.99993649e-01,1.11229756e-07
,5.73923837e-12],
[1.44078007e-03,5.87539514e-04,9.97836035e-01,1.35399921e-04
,2.45533514e-07],
[3.37381666e-04,9.57018659e-01,4.26430239e-02,9.35658624e-07
,6.54211892e-12],
[2.05307936e-03,9.76411029e-01,2.15354826e-02,4.09269939e-07
,7.34561600e-12],
[2.23940070e-05,4.63681096e-05,9.99931155e-01,8.29444736e-08
,2.11074016e-13],
[1.38711456e-03,1.42196333e-01,8.56399347e-01,1.72037740e-05
,1.45060976e-09],
[1.44222879e-03,6.00623251e-04,9.97822250e-01,1.34656570e-04
,2.41645057e-07],
[2.23780285e-02,8.67115091e-01,1.10500323e-01,6.55773252e-06
,1.48592405e-10],
[5.56464243e-06,3.47305736e-07,9.99993967e-01,1.21016937e-07
,7.26923765e-12],
[1.80599507e-03,2.08714676e-01,7.89454921e-01,2.44056649e-05
,2.52013544e-09],
[5.08006718e-05,1.38252281e-02,9.86123935e-01,3.59881780e-08
,2.78745122e-15],
[1.60950577e-03,2.67324159e-03,9.95623687e-01,9.34822490e-05
,8.32136742e-08],
[3.30654203e-02,8.78957120e-01,8.79669933e-02,1.04664923e-05
,7.64696696e-11],
[2.38540744e-03,2.43786311e-01,7.53799214e-01,2.90651167e-05
,2.12148281e-09],
[1.80165053e-03,2.07242106e-01,7.90931799e-01,2.44422317e-05
,2.53974046e-09],
[1.99628012e-03,9.56275479e-02,9.02340083e-01,3.60832418e-05
,5.49771990e-09],
[5.19576806e-02,8.75823988e-02,8.60388097e-01,7.18007989e-05
,2.24949617e-08],
[1.20252744e-03,9.90030394e-01,8.76689976e-03,1.78793079e-07
,1.51915925e-12],
[1.22456692e-04,2.91340901e-03,9.96963173e-01,9.60797957e-07
,2.33615392e-11],
[2.33451765e-03,1.99179506e-03,9.95525532e-01,1.48056789e-04
,9.89157549e-08],
[2.60518568e-02,9.05888622e-01,6.80519738e-02,7.54713818e-06
,4.81706087e-11],
[2.90608815e-05,2.61977027e-05,9.99944590e-01,1.51462106e-07
,2.49268527e-13],
[1.85373342e-03,2.17890107e-01,7.80232182e-01,2.39750282e-05
,2.43146569e-09],
[1.43978036e-03,5.86986219e-04,9.97837576e-01,1.35412243e-04
,2.45633113e-07],
[1.83112665e-02,9.34936695e-01,4.67473498e-02,4.68881350e-06
,2.46902071e-11],
[2.15009393e-04,5.48162549e-05,9.99730105e-01,6.92064659e-08
,6.91161039e-13],
[1.80229311e-03,2.07523312e-01,7.90649954e-01,2.44381415e-05
,2.53588561e-09],
[5.27938556e-04,9.63556482e-01,3.59140076e-02,1.57160279e-06
,3.78446533e-12],
[1.35902184e-03,5.43448976e-04,9.97971441e-01,1.25868143e-04
,2.20311549e-07],
[5.23262793e-02,9.11927117e-02,8.56409768e-01,7.12189110e-05
,2.17027294e-08],
[1.45273488e-03,6.06385821e-04,9.97805585e-01,1.35054310e-04
,2.40223159e-07],
[1.44497284e-03,5.94234250e-04,9.97825271e-01,1.35277893e-04
,2.43604912e-07],
[1.47111979e-03,9.97388422e-01,1.14036317e-03,9.45507458e-08
,4.66900191e-14],
[5.24285167e-06,3.20731889e-07,9.99994324e-01,1.12397993e-07
,6.51577300e-12],
[3.21351318e-03,3.10982898e-01,6.85803541e-01,4.79007774e-08
,7.74470899e-16],
[4.68758205e-03,4.63210273e-02,9.48900333e-01,9.10459042e-05
,1.14255992e-08],
[1.44840245e-03,6.36197809e-04,9.97782384e-01,1.32783458e-04
,2.31936640e-07],
[6.29027832e-04,7.07679333e-01,2.91691632e-01,6.54952481e-09
,8.76510498e-17],
[4.60962971e-03,4.32855163e-02,9.52013038e-01,9.18042799e-05
,1.20194456e-08],
[2.09928154e-04,9.93085572e-01,6.70437728e-03,1.22236054e-07
,4.56931088e-13],
[3.30745343e-02,8.78874480e-01,8.80405127e-02,1.04725026e-05
,7.65879974e-11],
[9.00217308e-04,3.18424372e-01,6.80675394e-01,1.60557817e-08
,6.78632423e-16],
[1.43976989e-03,5.86970785e-04,9.97837601e-01,1.35412532e-04
,2.45637531e-07],
[3.42586686e-04,9.55741682e-01,4.39147722e-02,9.59541488e-07
,6.89377997e-12],
[5.37032249e-06,3.31164066e-07,9.99994183e-01,1.15871013e-07
,6.81780145e-12],
[2.05552085e-03,9.76299628e-01,2.16444413e-02,4.09341212e-07
,7.32954738e-12],
[1.06809238e-04,9.99326040e-01,5.67142250e-04,8.18607794e-09
,1.31607807e-14],
[1.81525772e-05,2.70258933e-05,9.99954741e-01,8.05514542e-08
,3.25061258e-13],
[1.80156631e-03,2.07216354e-01,7.90957635e-01,2.44417134e-05
,2.53985816e-09],
[1.80166228e-03,2.07232420e-01,7.90941472e-01,2.44435003e-05
,2.54016058e-09],
[1.44069252e-03,5.88325879e-04,9.97835349e-01,1.35387700e-04
,2.45250065e-07],
[1.43976973e-03,5.86970615e-04,9.97837601e-01,1.35412529e-04
,2.45637584e-07],
[1.74301898e-03,1.28678263e-03,9.96854802e-01,1.15247430e-04
,1.48471143e-07],
[1.80173309e-03,2.07268983e-01,7.90904839e-01,2.44426880e-05
,2.53962716e-09],
[1.43976973e-03,5.86970615e-04,9.97837601e-01,1.35412529e-04
,2.45637584e-07],
[4.95078729e-03,8.34737811e-01,1.60289950e-01,2.14512767e-05
,6.04923904e-11],
[5.26202724e-06,3.22331946e-07,9.99994303e-01,1.12625160e-07
,6.53033354e-12],
[1.87735716e-03,9.79604274e-01,1.85180124e-02,3.56147029e-07
,5.63330088e-12],
[1.80166228e-03,2.07232420e-01,7.90941472e-01,2.44435003e-05
,2.54016058e-09],
[2.27268389e-05,9.99508991e-01,4.68267933e-04,1.45812153e-08
,2.44322534e-15],
[2.20846725e-04,5.59810920e-05,9.99723102e-01,6.96987018e-08
,7.00850194e-13],
[8.39796385e-03,5.39359173e-02,9.37485287e-01,1.80823880e-04
,7.64012370e-09],
[2.09673990e-03,1.77135337e-03,9.96005928e-01,1.25905252e-04
,7.34343758e-08],
[5.59625279e-03,4.53481760e-01,5.40904530e-01,1.74557398e-05
,1.39295957e-09],
[2.27238440e-02,5.58935957e-01,4.18310823e-01,2.93748442e-05
,1.19301129e-09],
[1.42655337e-04,9.99615545e-01,2.41793327e-04,6.66813666e-09
,2.88991191e-15],
[9.01741609e-03,5.96588403e-02,9.31145334e-01,1.78402351e-04
,7.28408114e-09],
[1.43182819e-03,5.82641155e-04,9.97850818e-01,1.34469239e-04
,2.43098921e-07],
[2.05488439e-03,9.76332655e-01,2.16120494e-02,4.10871909e-07
,7.38302394e-12],
[5.24263876e-06,3.20674345e-07,9.99994324e-01,1.12399624e-07
,6.51661421e-12],
[6.27192015e-03,4.48855233e-03,9.89128730e-01,1.10697565e-04
,1.00096231e-07],
[2.66489429e-05,9.70659511e-03,9.90266738e-01,1.82186522e-08
,4.68918702e-15],
[1.44204881e-03,5.89282605e-04,9.97833056e-01,1.35367393e-04
,2.45044144e-07],
[2.05300431e-03,9.76412203e-01,2.15343836e-02,4.09247353e-07
,7.34497907e-12],
[3.36972899e-04,2.28603893e-02,9.76802622e-01,1.55804234e-08
,9.16924583e-15],
[1.80167194e-03,2.07226255e-01,7.90947626e-01,2.44439225e-05
,2.54024808e-09],
[1.33958434e-04,9.99639848e-01,2.26187558e-04,6.13038731e-09
,2.57832812e-15],
[4.68826629e-03,4.63660789e-02,9.48854616e-01,9.10276241e-05
,1.14169464e-08],
[1.43977822e-03,5.86990164e-04,9.97837574e-01,1.35411550e-04
,2.45630968e-07],
[1.44699644e-03,5.91043133e-04,9.97826393e-01,1.35322560e-04
,2.44895759e-07],
[5.29831521e-03,8.16212628e-01,1.78465707e-01,2.33494690e-05
,6.68483539e-11],
[1.79962519e-03,2.06888491e-01,7.91287475e-01,2.44057838e-05
,2.53380368e-09],
[1.88028490e-03,1.45930600e-01,8.52159914e-01,2.91974427e-05
,3.70372146e-09],
[5.24250906e-06,3.20663533e-07,9.99994324e-01,1.12398406e-07
,6.51654820e-12],
[8.14905416e-03,4.94980115e-02,9.42171958e-01,1.80968387e-04
,8.27157560e-09],
[5.53468849e-06,9.99991734e-01,2.73164431e-06,5.23399789e-11
,1.52507205e-18],
[5.28037085e-05,4.24344626e-03,9.95703700e-01,4.98196395e-08
,6.90651659e-15],
[2.97609123e-03,8.63791439e-01,1.33232011e-01,4.58871687e-07
,3.72948994e-12],
[4.29667272e-02,6.65066556e-02,8.90450078e-01,7.65124437e-05
,2.66383116e-08],
[1.69708389e-04,9.45189672e-05,9.99731302e-01,4.46976219e-06
,6.08248200e-10],
[1.81732874e-03,5.18013881e-01,4.80153403e-01,1.53867047e-05
,5.54669135e-10],
[1.80171421e-03,2.07198946e-01,7.90974892e-01,2.44457534e-05
,2.54063816e-09],
[1.72793199e-03,9.31664695e-04,9.97200380e-01,1.39848756e-04
,1.74354800e-07],
[1.05034981e-05,8.39710347e-07,9.99988554e-01,1.03076278e-07
,4.31164142e-12],
[1.82409758e-03,2.11207341e-01,7.86944294e-01,2.42648390e-05
,2.50100214e-09],
[8.60092528e-04,5.53280699e-03,9.93607042e-01,5.80958739e-08
,4.38958038e-14],
[3.40193791e-04,9.57016638e-01,4.26422393e-02,9.28977669e-07
,6.60585325e-12],
[1.43982817e-03,5.87049155e-04,9.97837466e-01,1.35411076e-04
,2.45615544e-07],
[8.37067190e-04,9.98514318e-01,6.48568828e-04,4.58400630e-08
,1.75999815e-14],
[1.48338118e-03,6.32678155e-04,9.97747520e-01,1.36188679e-04
,2.32305277e-07],
[1.43977011e-03,5.86970828e-04,9.97837601e-01,1.35412525e-04
,2.45637545e-07],
[3.62755817e-03,1.70204020e-02,9.79250176e-01,1.01839681e-04
,2.38466403e-08],
[1.80789451e-03,2.02905141e-01,7.95262227e-01,2.47355328e-05
,2.60268282e-09],
[1.80166232e-03,2.07232348e-01,7.90941544e-01,2.44434970e-05
,2.54016010e-09],
[2.05302806e-03,9.76411831e-01,2.15347321e-02,4.09254506e-07
,7.34518099e-12],
[1.80183040e-03,2.07116833e-01,7.91056883e-01,2.44512439e-05
,2.54180371e-09],
[3.42580977e-04,9.55767143e-01,4.38893173e-02,9.58867741e-07
,6.88876870e-12],
[2.81434628e-05,1.17921214e-02,9.88179717e-01,1.79973937e-08
,4.14741691e-15],
[3.42659225e-04,9.55725626e-01,4.39307550e-02,9.59861611e-07
,6.89822398e-12],
[1.80166375e-03,2.07232079e-01,7.90941811e-01,2.44435362e-05
,2.54016529e-09],
[2.26820941e-02,6.79739633e-01,2.97566596e-01,1.16751387e-05
,8.50647958e-10],
[3.42659183e-04,9.55725660e-01,4.39307213e-02,9.59861703e-07
,6.89822813e-12],
[1.44203368e-03,5.99022103e-04,9.97823950e-01,1.34752536e-04
,2.42104176e-07],
[8.41786895e-03,5.41194158e-02,9.37281359e-01,1.81349016e-04
,7.67154312e-09],
[6.20763709e-04,9.54928250e-01,4.44489433e-02,2.04256311e-06
,5.39524860e-12],
[1.43977106e-03,5.86971472e-04,9.97837600e-01,1.35412257e-04
,2.45636573e-07],
[1.80167207e-03,2.07225684e-01,7.90948197e-01,2.44439514e-05
,2.54025629e-09],
[1.43976974e-03,5.86970621e-04,9.97837601e-01,1.35412529e-04
,2.45637582e-07],
[1.44010983e-03,5.87469840e-04,9.97836771e-01,1.35403376e-04
,2.45494662e-07],
[1.73541784e-03,7.52802983e-03,9.90736419e-01,1.33700978e-07
,3.63657311e-14],
[8.95672562e-05,1.52179643e-03,9.98388528e-01,1.08049559e-07
,1.58150790e-14],
[3.21010508e-03,3.10460515e-01,6.86329332e-01,4.78270191e-08
,7.72413986e-16],
[1.80103450e-03,2.07097783e-01,7.91076747e-01,2.44327952e-05
,2.53842263e-09],
[5.23298033e-04,4.38889649e-02,9.55587710e-01,2.66988195e-08
,2.01058170e-14],
[1.80166229e-03,2.07232413e-01,7.90941479e-01,2.44435008e-05
,2.54016068e-09],
[8.23033030e-05,5.40237891e-01,4.59679794e-01,1.22004362e-08
,6.75261296e-17],
[2.28368508e-04,9.98682324e-01,1.08929096e-03,1.63870913e-08
,4.63664231e-14],
[5.24278201e-06,3.20705374e-07,9.99994324e-01,1.12399544e-07
,6.51591825e-12],
[1.43390950e-03,5.83810098e-04,9.97847326e-01,1.34710964e-04
,2.43736010e-07],
[6.31989864e-04,7.46646679e-01,2.52721325e-01,6.84862863e-09
,1.00643687e-16],
[9.94748811e-04,3.51471005e-03,9.95490439e-01,1.02216347e-07
,2.77603844e-14],
[8.27659517e-06,1.42841126e-04,9.99848857e-01,2.55924720e-08
,8.49959652e-14],
[5.50107254e-06,9.99991788e-01,2.71042656e-06,5.19309439e-11
,1.50398981e-18],
[5.24259615e-06,3.20682853e-07,9.99994324e-01,1.12397834e-07
,6.51627523e-12],
[1.48746581e-03,9.11182443e-04,9.97479517e-01,1.21655527e-04
,1.79533127e-07],
[1.83163092e-03,9.80434577e-01,1.77334495e-02,3.42581437e-07
,5.22021102e-12],
[1.92260041e-03,5.77998096e-02,9.40236257e-01,4.13246833e-05
,8.47130490e-09],
[8.38802715e-03,5.35912886e-02,9.37839365e-01,1.81311084e-04
,7.73559310e-09],
[2.14083565e-02,8.75056289e-01,1.03529246e-01,6.10828745e-06
,1.32344856e-10],
[1.78302156e-05,2.59873299e-05,9.99956103e-01,7.96141469e-08
,3.23921378e-13],
[5.27758160e-02,5.81212417e-01,3.65990072e-01,2.16955305e-05
,3.15051709e-10],
[1.80166228e-03,2.07232420e-01,7.90941472e-01,2.44435003e-05
,2.54016058e-09],
[1.04141899e-03,1.40013713e-03,9.97503190e-01,5.52146874e-05
,3.89912413e-08],
[1.45147255e-03,6.02675690e-04,9.97810356e-01,1.35255138e-04
,2.41080978e-07],
[1.43976973e-03,5.86970615e-04,9.97837601e-01,1.35412529e-04
,2.45637584e-07],
[3.48789543e-04,9.54606008e-01,4.50442160e-02,9.86216172e-07
,7.20078607e-12],
[2.14062825e-02,8.75069329e-01,1.03518281e-01,6.10746148e-06
,1.32319465e-10],
[1.77890506e-03,9.98930556e-04,9.97081001e-01,1.40998034e-04
,1.65331047e-07],
[3.04252012e-05,2.64627740e-05,9.99942954e-01,1.57865821e-07
,2.47193293e-13],
[1.92607645e-04,9.99393010e-01,4.14371465e-04,1.07081788e-08
,7.40431460e-15],
[2.84127638e-03,9.66535753e-01,3.06223350e-02,6.35409410e-07
,1.35152929e-11],
[5.19576782e-02,8.75822446e-02,8.60388254e-01,7.18008363e-05
,2.24949923e-08],
[1.43976970e-03,5.86970599e-04,9.97837602e-01,1.35412526e-04
,2.45637574e-07],
[2.83919702e-03,2.01422273e-01,7.95738395e-01,1.35098795e-07
,8.03450632e-14],
[3.42650304e-04,9.55727628e-01,4.39287619e-02,9.59822467e-07
,6.89768127e-12],
[1.24743739e-05,2.82111939e-06,9.99984572e-01,1.32980957e-07
,1.29773268e-12],
[2.73092528e-03,7.08763221e-03,9.90069365e-01,1.12036236e-04
,4.10276400e-08],
[8.67347065e-05,1.05566286e-03,9.98857481e-01,1.21502704e-07
,1.96381573e-14],
[1.89922502e-03,1.46745161e-01,8.51326199e-01,2.94112311e-05
,3.68071084e-09],
[1.24788497e-02,3.15305662e-01,6.72153363e-01,6.21234341e-05
,2.22885450e-09],
[5.12778012e-02,8.59755899e-02,8.62674449e-01,7.21368138e-05
,2.27573116e-08],
[1.54892400e-03,9.97222377e-01,1.22859582e-03,1.03449399e-07
,5.26111834e-14],
[8.70572664e-05,9.99643214e-01,2.69725498e-04,3.62898137e-09
,4.52804365e-15],
[1.88424527e-03,1.42193544e-01,8.55892665e-01,2.95418068e-05
,3.80104873e-09],
[3.37917721e-04,2.41115801e-02,9.75550487e-01,1.53557341e-08
,8.80868976e-15],
[1.43980376e-03,5.87041875e-04,9.97837499e-01,1.35410122e-04
,2.45616829e-07],
[2.22017599e-03,9.95585623e-01,2.19402523e-03,1.76147962e-07
,1.45929075e-13],
[1.62082015e-03,9.97085604e-01,1.29346739e-03,1.08879845e-07
,5.77555560e-14],
[1.39574183e-03,5.63071024e-04,9.97910755e-01,1.30200424e-04
,2.31718967e-07],
[2.65906933e-02,3.08658354e-01,6.64682337e-01,6.86144820e-05
,1.02719398e-09],
[5.31963035e-06,3.36536542e-07,9.99994232e-01,1.11966413e-07
,6.30910779e-12],
[5.95260051e-06,3.80305954e-07,9.99993538e-01,1.29125817e-07
,7.95701505e-12],
[1.09785918e-03,8.74274874e-01,1.24622090e-01,5.17669491e-06
,3.47576960e-11],
[3.25466167e-05,3.12733255e-05,9.99936020e-01,1.60164480e-07
,2.17685952e-13],
[3.42660587e-04,9.55725405e-01,4.39309745e-02,9.59867687e-07
,6.89829637e-12],
[9.46617252e-03,6.39676104e-02,9.26394865e-01,1.71345177e-04
,6.67438258e-09],
[7.06071698e-04,9.97638301e-01,1.65556798e-03,5.93671411e-08
,7.08807763e-14],
[1.45052370e-03,6.02907964e-04,9.97811203e-01,1.35124085e-04
,2.41172641e-07],
[9.06743123e-05,9.99596604e-01,3.12717725e-04,4.26710129e-09
,5.60011997e-15],
[1.43983098e-03,5.87005120e-04,9.97837507e-01,1.35411766e-04
,2.45631263e-07],
[4.35881918e-04,1.18662541e-04,9.99415513e-01,2.99166404e-05
,2.60590373e-08],
[8.71131731e-05,9.99646281e-01,2.66602718e-04,3.59000716e-09
,4.45841645e-15],
[1.80156169e-03,2.07215453e-01,7.90958541e-01,2.44416359e-05
,2.53984601e-09],
[1.15932966e-04,9.99486718e-01,3.97343711e-04,5.51038761e-09
,8.72748937e-15],
[4.75613207e-02,7.77794181e-01,1.74624979e-01,1.95189928e-05
,2.76467220e-10],
[3.19065979e-03,5.83844970e-01,4.12953484e-01,1.08855516e-05
,6.36916946e-10],
[5.01469586e-02,8.33254693e-02,8.66459024e-01,6.85276716e-05
,2.09174341e-08],
[1.74756095e-03,1.32971441e-02,9.84955138e-01,1.56752361e-07
,2.08357032e-13],
[2.01695100e-03,9.76973995e-01,2.10086556e-02,3.98466758e-07
,7.04276545e-12],
[1.03359052e-04,9.99393312e-01,5.03321663e-04,7.18349376e-09
,1.10882371e-14],
[8.41784923e-03,5.41193065e-02,9.37281488e-01,1.81348647e-04
,7.67155976e-09],
[1.01519436e-04,1.73310451e-05,9.99876483e-01,4.66526931e-06
,1.61149759e-09],
[1.67116174e-03,9.87098647e-04,9.97212301e-01,1.29277709e-04
,1.61408155e-07],
[1.33287655e-04,9.99642091e-01,2.24615525e-04,6.08613031e-09
,2.54736473e-15],
[8.49430036e-03,5.45468240e-02,9.36778109e-01,1.80758922e-04
,7.66368694e-09],
[2.09218300e-02,7.07443850e-01,2.71623991e-01,1.03286199e-05
,7.07362427e-10],
[4.43577873e-03,3.90982328e-02,9.56375717e-01,9.02593657e-05
,1.22185286e-08],
[8.65865382e-04,1.74345064e-03,9.97390594e-01,9.00196913e-08
,5.33485608e-14],
[1.80166992e-03,2.07227968e-01,7.90945915e-01,2.44438140e-05
,2.54022367e-09],
[2.65974677e-03,4.52607633e-01,5.44732587e-01,3.26715693e-08
,3.97796715e-16],
[1.65325562e-03,9.96786829e-01,1.55980828e-03,1.06891673e-07
,4.94748005e-14],
[5.43697257e-04,9.60675442e-01,3.87791504e-02,1.71001671e-06
,4.25606305e-12],
[3.13643644e-03,8.53744468e-01,1.43115802e-01,3.29327507e-06
,1.17911249e-10],
[3.26362254e-04,1.02015010e-02,9.89472117e-01,1.96363341e-08
,1.68482979e-14],
[4.60525239e-02,7.38062522e-02,8.80066395e-01,7.48040784e-05
,2.49936094e-08],
[1.44197210e-03,5.89231088e-04,9.97833100e-01,1.35452005e-04
,2.44936107e-07],
[1.43979677e-03,5.87119070e-04,9.97837434e-01,1.35404194e-04
,2.45593323e-07],
[4.68821044e-03,4.63450918e-02,9.48875647e-01,9.10396340e-05
,1.14210976e-08],
[1.46279549e-03,7.26938172e-04,9.97681514e-01,1.28541028e-04
,2.10909511e-07],
[8.38537957e-03,5.38339971e-02,9.37600167e-01,1.80448949e-04
,7.61380158e-09],
[2.05257515e-03,9.76420464e-01,2.15265516e-02,4.09113626e-07
,7.34025724e-12],
[5.34799203e-03,8.04069228e-01,1.90559445e-01,2.33349985e-05
,6.53264547e-11],
[1.43976581e-03,5.86968475e-04,9.97837608e-01,1.35412063e-04
,2.45636327e-07],
[1.49697628e-03,1.56947663e-03,9.96864019e-01,6.94898219e-05
,3.85445783e-08],
[5.24253711e-06,3.20687617e-07,9.99994324e-01,1.12396304e-07
,6.51619446e-12],
[1.86763735e-03,1.61799275e-03,9.96403974e-01,1.10267221e-04
,1.28887432e-07],
[5.30393373e-04,9.62058668e-01,3.74092904e-02,1.64830077e-06
,3.99455337e-12],
[2.26100763e-02,9.19265293e-01,5.81184450e-02,6.18589361e-06
,3.64384285e-11],
[5.19991019e-02,8.77978459e-02,8.60131236e-01,7.17940387e-05
,2.24417812e-08],
[4.76841285e-02,7.73074557e-02,8.74934412e-01,7.39792214e-05
,2.43185037e-08],
[1.92436598e-03,8.64481443e-02,9.11591435e-01,3.60488475e-05
,6.03297005e-09],
[5.28271866e-06,3.29568186e-07,9.99994276e-01,1.12159566e-07
,6.39606993e-12],
[3.52745888e-04,9.53879812e-01,4.57664391e-02,1.00335626e-06
,7.39996522e-12],
[1.94345912e-03,2.92706126e-01,7.05327671e-01,2.27431478e-05
,1.60914561e-09],
[5.24250779e-06,3.20663430e-07,9.99994324e-01,1.12398372e-07
,6.51654525e-12],
[1.30713537e-04,2.48854117e-05,9.99837984e-01,6.41460419e-06
,2.59623988e-09],
[1.44010645e-03,5.88152047e-04,9.97836143e-01,1.35353239e-04
,2.45275993e-07],
[4.69024583e-03,4.63879636e-02,9.48830742e-01,9.10366906e-05
,1.14134282e-08],
[5.28789223e-04,9.62220045e-01,3.72495255e-02,1.64072547e-06
,3.96559937e-12],
[3.33200869e-04,9.57793185e-01,4.18726960e-02,9.18449527e-07
,6.33490494e-12],
[2.84704079e-03,4.48085458e-01,5.49052694e-01,1.48060698e-05
,1.02157954e-09],
[1.76379922e-03,9.95872080e-03,9.88210130e-01,6.73182472e-05
,3.22307701e-08],
[1.49447678e-03,6.17996762e-04,9.97752543e-01,1.34743486e-04
,2.40163582e-07],
[8.85645989e-05,9.99639649e-01,2.71783013e-04,3.67236803e-09
,4.60819723e-15],
[3.41695398e-04,2.51461186e-02,9.74512171e-01,1.52906471e-08
,8.54413939e-15],
[8.15056514e-06,1.16414866e-04,9.99875408e-01,2.68984179e-08
,9.83305238e-14],
[1.43976973e-03,5.86970615e-04,9.97837601e-01,1.35412529e-04
,2.45637584e-07],
[5.24350150e-06,3.20748129e-07,9.99994323e-01,1.12424839e-07
,6.51879759e-12],
[6.73107076e-04,5.22474369e-02,9.47072735e-01,6.72103921e-06
,3.42052750e-10],
[8.54362255e-03,5.92963549e-02,9.31982000e-01,1.78015876e-04
,7.13259716e-09],
[3.01692992e-02,5.75289711e-01,3.94523179e-01,1.78088333e-05
,1.55892771e-09],
[1.43977245e-03,5.86974606e-04,9.97837595e-01,1.35412456e-04
,2.45636441e-07],
[5.90893930e-05,9.99802778e-01,1.38130281e-04,1.97378781e-09
,1.41434905e-15],
[4.81417649e-02,7.83821946e-02,8.73402258e-01,7.37584774e-05
,2.41220541e-08],
[1.35360231e-03,8.59325947e-04,9.97681653e-01,1.05277951e-04
,1.41048547e-07],
[5.24251064e-06,3.20663889e-07,9.99994324e-01,1.12398376e-07
,6.51653721e-12],
[5.24481257e-06,3.20852110e-07,9.99994322e-01,1.12460784e-07
,6.52191949e-12],
[5.24250748e-06,3.20663404e-07,9.99994324e-01,1.12398363e-07
,6.51654452e-12],
[5.24250748e-06,3.20663404e-07,9.99994324e-01,1.12398363e-07
,6.51654452e-12],
[8.35220517e-03,5.35345664e-02,9.37933664e-01,1.79556426e-04
,7.55878505e-09],
[2.08888591e-03,2.24634958e-03,9.95543090e-01,1.21576904e-04
,9.78473089e-08],
[4.97688112e-05,9.75579575e-04,9.98974558e-01,9.32543099e-08
,3.16653590e-14],
[5.16270864e-04,5.47293926e-01,4.52189797e-01,5.73308172e-09
,2.91744868e-16],
[5.24250748e-06,3.20663404e-07,9.99994324e-01,1.12398363e-07
,6.51654452e-12],
[5.24250748e-06,3.20663404e-07,9.99994324e-01,1.12398363e-07
,6.51654452e-12],
[8.27661015e-06,1.42883527e-04,9.99848814e-01,2.55916089e-08
,8.49729362e-14],
[5.24250748e-06,3.20663404e-07,9.99994324e-01,1.12398363e-07
,6.51654452e-12],
[5.24250748e-06,3.20663406e-07,9.99994324e-01,1.12398363e-07
,6.51654450e-12],
[5.24250748e-06,3.20663404e-07,9.99994324e-01,1.12398363e-07
,6.51654452e-12],
[7.58825241e-03,4.07845918e-02,9.51447249e-01,1.79897438e-04
,9.71415627e-09],
[5.24250748e-06,3.20663404e-07,9.99994324e-01,1.12398363e-07
,6.51654452e-12],
[1.45846466e-03,6.14337254e-04,9.97792045e-01,1.34915251e-04
,2.38128885e-07],
[1.79509372e-05,2.66246569e-05,9.99955345e-01,7.94628868e-08
,3.18605185e-13],
[5.24250748e-06,3.20663404e-07,9.99994324e-01,1.12398363e-07
,6.51654452e-12],
[5.25975051e-06,3.22075015e-07,9.99994305e-01,1.12865557e-07
,6.55681481e-12],
[5.24441298e-06,3.20819322e-07,9.99994322e-01,1.12449972e-07
,6.52098904e-12],
[5.60329744e-06,4.07217379e-07,9.99993879e-01,1.10310729e-07
,5.53532197e-12],
[2.59139216e-03,7.86453688e-01,2.10940056e-01,1.48637602e-05
,8.90142099e-11],
[1.44043566e-03,5.89782950e-04,9.97834275e-01,1.35261454e-04
,2.44808815e-07],
[1.90130078e-03,3.96462078e-02,9.58406132e-01,4.63475909e-05
,1.14442529e-08],
[5.24250748e-06,3.20663404e-07,9.99994324e-01,1.12398363e-07
,6.51654452e-12],
[5.24250748e-06,3.20663404e-07,9.99994324e-01,1.12398363e-07
,6.51654452e-12],
[5.24250748e-06,3.20663404e-07,9.99994324e-01,1.12398363e-07
,6.51654452e-12],
[5.27322011e-06,3.27459480e-07,9.99994287e-01,1.12213562e-07
,6.42387286e-12],
[5.24250748e-06,3.20663404e-07,9.99994324e-01,1.12398363e-07
,6.51654452e-12],
[5.24311973e-06,3.20715089e-07,9.99994324e-01,1.12396654e-07
,6.51608755e-12],
[5.24253206e-06,3.20665415e-07,9.99994324e-01,1.12399029e-07
,6.51660185e-12],
[1.43976974e-03,5.86970619e-04,9.97837601e-01,1.35412529e-04
,2.45637583e-07],
[5.24250751e-06,3.20663410e-07,9.99994324e-01,1.12398363e-07
,6.51654444e-12],
[1.76650911e-05,2.51335160e-05,9.99957122e-01,7.98231710e-08
,3.31397199e-13],
[2.80342862e-05,1.17353129e-02,9.88236635e-01,1.78818758e-08
,4.10553805e-15],
[5.24250754e-06,3.20663410e-07,9.99994324e-01,1.12398363e-07
,6.51654447e-12],
[2.81877177e-04,9.98952374e-01,7.65729662e-04,1.90895253e-08
,2.15645264e-14],
[5.22344622e-02,9.02897471e-02,8.57404364e-01,7.14048949e-05
,2.18695381e-08],
[5.78711979e-04,2.77639429e-03,9.96638497e-01,6.39639108e-06
,2.15997030e-10],
[5.24250748e-06,3.20663404e-07,9.99994324e-01,1.12398363e-07
,6.51654452e-12],
[5.24250748e-06,3.20663404e-07,9.99994324e-01,1.12398363e-07
,6.51654452e-12],
[1.43976973e-03,5.86970622e-04,9.97837601e-01,1.35412529e-04
,2.45637581e-07],
[5.26384334e-06,3.25373633e-07,9.99994299e-01,1.12269842e-07
,6.45196900e-12],
[5.24461462e-06,3.21135899e-07,9.99994322e-01,1.12389455e-07
,6.51086259e-12],
[5.24250748e-06,3.20663404e-07,9.99994324e-01,1.12398363e-07
,6.51654452e-12],
[5.24250748e-06,3.20663404e-07,9.99994324e-01,1.12398363e-07
,6.51654452e-12],
[5.24250748e-06,3.20663404e-07,9.99994324e-01,1.12398363e-07
,6.51654452e-12],
[8.38231489e-03,5.37893550e-02,9.37647906e-01,1.80416717e-04
,7.61611736e-09],
[2.41851076e-03,1.20162417e-03,9.96253343e-01,1.26342932e-04
,1.79436057e-07],
[5.24250749e-06,3.20663405e-07,9.99994324e-01,1.12398363e-07
,6.51654455e-12],
[5.24250748e-06,3.20663404e-07,9.99994324e-01,1.12398363e-07
,6.51654452e-12],
[5.24250759e-06,3.20663421e-07,9.99994324e-01,1.12398364e-07
,6.51654426e-12],
[5.24257138e-06,3.20668633e-07,9.99994324e-01,1.12400094e-07
,6.51669356e-12],
[9.13674365e-06,1.62752403e-04,9.99828086e-01,2.53314927e-08
,8.06060902e-14],
[9.12099391e-06,6.72611139e-07,9.99989980e-01,2.26238121e-07
,1.84177979e-11],
[1.60173096e-04,3.10875701e-05,9.99800288e-01,8.44712575e-06
,3.98346676e-09],
[1.43976973e-03,5.86970629e-04,9.97837601e-01,1.35412528e-04
,2.45637578e-07],
[5.24354919e-06,3.21514136e-07,9.99994323e-01,1.12326206e-07
,6.50427878e-12],
[5.24250748e-06,3.20663404e-07,9.99994324e-01,1.12398363e-07
,6.51654452e-12],
[8.25467204e-06,1.38119112e-04,9.99853600e-01,2.58015177e-08
,8.70456943e-14],
[1.80167198e-03,2.07239311e-01,7.90934572e-01,2.44432542e-05
,2.54006646e-09],
[5.24250748e-06,3.20663404e-07,9.99994324e-01,1.12398363e-07
,6.51654452e-12],
[5.24261343e-06,3.20672074e-07,9.99994324e-01,1.12401232e-07
,6.51679159e-12],
[1.43976973e-03,5.86970615e-04,9.97837601e-01,1.35412529e-04
,2.45637584e-07],
[5.24250748e-06,3.20663404e-07,9.99994324e-01,1.12398363e-07
,6.51654452e-12],
[5.24250748e-06,3.20663404e-07,9.99994324e-01,1.12398363e-07
,6.51654452e-12],
[1.80168131e-03,2.07219327e-01,7.90954545e-01,2.44443770e-05
,2.54034663e-09],
[1.43794078e-03,5.85972814e-04,9.97840646e-01,1.35195166e-04
,2.45051831e-07],
[1.43977009e-03,5.86971142e-04,9.97837601e-01,1.35412520e-04
,2.45637433e-07],
[5.24250748e-06,3.20663404e-07,9.99994324e-01,1.12398363e-07
,6.51654452e-12],
[5.24313990e-06,3.20715150e-07,9.99994324e-01,1.12415491e-07
,6.51801946e-12],
[3.36216158e-05,4.69453348e-05,9.99919288e-01,1.45428336e-07
,1.63012998e-13],
[5.24251791e-06,3.20665696e-07,9.99994324e-01,1.12398300e-07
,6.51651274e-12],
[5.24451445e-06,3.20832266e-07,9.99994322e-01,1.12451605e-07
,6.52104456e-12],
[5.24626074e-06,3.20970534e-07,9.99994320e-01,1.12500022e-07
,6.52530023e-12],
[5.31086031e-06,3.26268319e-07,9.99994249e-01,1.14252726e-07
,6.67685967e-12],
[5.24250748e-06,3.20663404e-07,9.99994324e-01,1.12398363e-07
,6.51654452e-12],
[5.24250748e-06,3.20663404e-07,9.99994324e-01,1.12398363e-07
,6.51654452e-12],
[4.42980672e-02,7.03052510e-02,8.85338402e-01,5.82641021e-05
,1.62523918e-08],
[5.27933626e-03,8.23032047e-01,1.71665134e-01,2.34827327e-05
,6.86985020e-11],
[5.24292546e-06,3.20699425e-07,9.99994324e-01,1.12397263e-07
,6.51621613e-12],
[1.36605732e-04,9.25206488e-01,7.46569052e-02,1.10872880e-09
,6.64426090e-18],
[5.24250748e-06,3.20663404e-07,9.99994324e-01,1.12398363e-07
,6.51654452e-12],
[4.65130913e-03,4.53141420e-02,9.49943405e-01,9.11317891e-05
,1.16158746e-08],
[1.44263006e-03,5.88581587e-04,9.97833166e-01,1.35376853e-04
,2.45343239e-07],
[9.63040014e-04,3.42673082e-04,9.98612710e-01,8.14615284e-05
,1.15433822e-07],
[5.24250748e-06,3.20663404e-07,9.99994324e-01,1.12398363e-07
,6.51654452e-12],
[2.19294176e-04,5.54656974e-05,9.99725171e-01,6.90989466e-08
,6.91928922e-13],
[7.14730926e-05,1.05639275e-05,9.99914914e-01,3.04777155e-06
,8.76304013e-10],
[6.57983616e-06,4.38767054e-07,9.99992872e-01,1.09121595e-07
,5.68540564e-12],
[5.24252520e-06,3.20664854e-07,9.99994324e-01,1.12398843e-07
,6.51658586e-12],
[8.28017827e-06,1.43017658e-04,9.99848677e-01,2.56010481e-08
,8.49933993e-14],
[5.24250748e-06,3.20663404e-07,9.99994324e-01,1.12398363e-07
,6.51654452e-12],
[1.22827140e-05,1.00152434e-06,9.99986386e-01,3.29487148e-07
,3.21910271e-11],
[3.63090974e-05,4.61925031e-05,9.99917343e-01,1.55488981e-07
,1.66710509e-13],
[5.24251813e-06,3.20665041e-07,9.99994324e-01,1.12398407e-07
,6.51651985e-12],
[1.43971560e-03,5.86941081e-04,9.97837692e-01,1.35406096e-04
,2.45620240e-07],
[5.24250748e-06,3.20663404e-07,9.99994324e-01,1.12398363e-07
,6.51654452e-12],
[5.24250748e-06,3.20663404e-07,9.99994324e-01,1.12398363e-07
,6.51654452e-12],
[5.24250748e-06,3.20663404e-07,9.99994324e-01,1.12398363e-07
,6.51654452e-12],
[5.26199593e-06,3.22258952e-07,9.99994303e-01,1.12926426e-07
,6.56206741e-12],
[1.79511642e-05,2.66251111e-05,9.99955344e-01,7.94641460e-08
,3.18612608e-13],
[5.24250748e-06,3.20663404e-07,9.99994324e-01,1.12398363e-07
,6.51654452e-12],
[1.43976973e-03,5.86970618e-04,9.97837601e-01,1.35412529e-04
,2.45637583e-07],
[5.24250748e-06,3.20663404e-07,9.99994324e-01,1.12398363e-07
,6.51654452e-12],
[1.43976973e-03,5.86970615e-04,9.97837601e-01,1.35412529e-04
,2.45637583e-07],
[5.25534630e-06,3.21758272e-07,9.99994310e-01,1.12735624e-07
,6.54479963e-12],
[5.24250748e-06,3.20663404e-07,9.99994324e-01,1.12398363e-07
,6.51654452e-12],
[6.97106148e-05,1.67172787e-05,9.99913499e-01,7.26509878e-08
,1.03661326e-12],
[5.24250756e-06,3.20663411e-07,9.99994324e-01,1.12398365e-07
,6.51654473e-12],
[4.94850000e-02,8.15778404e-02,8.68864074e-01,7.30622817e-05
,2.35291703e-08],
[5.24250748e-06,3.20663404e-07,9.99994324e-01,1.12398363e-07
,6.51654452e-12],
[5.24262318e-06,3.20672871e-07,9.99994324e-01,1.12401497e-07
,6.51681436e-12],
[5.24250748e-06,3.20663404e-07,9.99994324e-01,1.12398363e-07
,6.51654452e-12],
[4.68790020e-03,4.63339719e-02,9.48887074e-01,9.10425249e-05
,1.14231426e-08],
[5.38822851e-06,3.33029263e-07,9.99994167e-01,1.11997805e-07
,6.41013447e-12],
[3.43804144e-04,9.55513826e-01,4.41414052e-02,9.64729641e-07
,6.95336749e-12],
[8.16436708e-03,4.97532009e-02,9.41901431e-01,1.80992408e-04
,8.23594911e-09],
[1.43977928e-03,5.86980422e-04,9.97837582e-01,1.35412700e-04
,2.45634530e-07],
[5.78135642e-06,3.65500556e-07,9.99993726e-01,1.27184622e-07
,7.82954057e-12],
[5.76534033e-03,7.70768013e-01,2.23439951e-01,2.66961757e-05
,8.70067147e-11],
[5.24250748e-06,3.20663404e-07,9.99994324e-01,1.12398363e-07
,6.51654452e-12],
[5.24250748e-06,3.20663404e-07,9.99994324e-01,1.12398363e-07
,6.51654452e-12],
[5.24250748e-06,3.20663405e-07,9.99994324e-01,1.12398363e-07
,6.51654453e-12],
[5.39901148e-06,3.35631941e-07,9.99994149e-01,1.16379572e-07
,6.84551023e-12],
[5.24250749e-06,3.20663405e-07,9.99994324e-01,1.12398363e-07
,6.51654455e-12],
[1.43976973e-03,5.86970629e-04,9.97837601e-01,1.35412528e-04
,2.45637579e-07],
[5.24250748e-06,3.20663404e-07,9.99994324e-01,1.12398363e-07
,6.51654452e-12],
[5.24250748e-06,3.20663404e-07,9.99994324e-01,1.12398363e-07
,6.51654452e-12],
[5.24252909e-06,3.20681065e-07,9.99994324e-01,1.12396861e-07
,6.51628919e-12],
[3.25900407e-05,3.13781002e-05,9.99935872e-01,1.60205895e-07
,2.17146243e-13],
[1.43976971e-03,5.86970604e-04,9.97837602e-01,1.35412527e-04
,2.45637577e-07],
[5.24662086e-06,3.24040535e-07,9.99994317e-01,1.12113054e-07
,6.46815178e-12],
[1.43976977e-03,5.86970638e-04,9.97837601e-01,1.35412529e-04
,2.45637579e-07],
[5.24250748e-06,3.20663404e-07,9.99994324e-01,1.12398363e-07
,6.51654452e-12],
[9.70503890e-06,2.13022117e-04,9.99777246e-01,2.63951884e-08
,6.31673647e-14],
[5.24280644e-06,3.20727026e-07,9.99994324e-01,1.12397047e-07
,6.51571287e-12],
[1.34216628e-03,5.34332303e-04,9.97999370e-01,1.23916536e-04
,2.15295824e-07],
[5.24250748e-06,3.20663404e-07,9.99994324e-01,1.12398363e-07
,6.51654452e-12],
[1.43975251e-03,5.86961222e-04,9.97837630e-01,1.35410483e-04
,2.45632067e-07],
[5.24256991e-06,3.20668513e-07,9.99994324e-01,1.12400054e-07
,6.51669013e-12],
[5.24251110e-06,3.20663986e-07,9.99994324e-01,1.12398374e-07
,6.51653585e-12],
[1.98742782e-05,1.90669039e-06,9.99977616e-01,6.02926301e-07
,7.88924326e-11],
[8.27701738e-06,1.42868242e-04,9.99848829e-01,2.55980775e-08
,8.50197254e-14],
[5.27620067e-06,3.28122928e-07,9.99994283e-01,1.12195936e-07
,6.41499524e-12],
[5.24250748e-06,3.20663404e-07,9.99994324e-01,1.12398363e-07
,6.51654452e-12],
[5.30736825e-06,3.26151557e-07,9.99994254e-01,1.12218539e-07
,6.46860381e-12],
[5.24250748e-06,3.20663404e-07,9.99994324e-01,1.12398363e-07
,6.51654452e-12],
[3.11349087e-03,3.12244541e-02,9.65661758e-01,2.97127652e-07
,5.02451330e-13],
[5.24254278e-06,3.20668241e-07,9.99994324e-01,1.12398851e-07
,6.51655075e-12],
[5.24260653e-06,3.20678601e-07,9.99994324e-01,1.12398775e-07
,6.51631534e-12],
[5.24528622e-06,3.20896951e-07,9.99994321e-01,1.12402666e-07
,6.51571356e-12],
[1.43857020e-03,5.86316155e-04,9.97839598e-01,1.35269962e-04
,2.45253342e-07],
[1.71036476e-05,2.23814219e-05,9.99960434e-01,8.05530694e-08
,3.58713968e-13],
[5.24250748e-06,3.20663404e-07,9.99994324e-01,1.12398363e-07
,6.51654452e-12],
[5.24250748e-06,3.20663404e-07,9.99994324e-01,1.12398363e-07
,6.51654452e-12],
[1.43854189e-03,5.86300709e-04,9.97839646e-01,1.35266598e-04
