# -*- coding: utf-8 -*-
a=[
[9.99967052e-01,2.31413273e-05,9.80679668e-06],
[0.95421402,0.03310234,0.01268365],
[0.86779554,0.09555177,0.03665268],
[0.91797666,0.05918235,0.02284098],
[9.99979804e-01,1.41593315e-05,6.03694280e-06],
[0.90545346,0.0683402,0.02620634],
[0.88105281,0.08593722,0.03300996],
[0.99422807,0.00416685,0.00160507],
[9.99922593e-01,5.45744228e-05,2.28325841e-05],
[0.96144256,0.02774464,0.0108128,],
[0.93933479,0.04377382,0.01689139],
[9.99982255e-01,1.24353701e-05,5.30991835e-06],
[9.99842685e-01,1.11227820e-04,4.60867093e-05],
[0.96574272,0.02501969,0.00923759],
[0.99183005,0.00586889,0.00230105],
[0.86896539,0.09470305,0.03633156],
[0.86967714,0.09421674,0.03610612],
[9.99924987e-01,5.28330521e-05,2.21795685e-05],
[0.86851543,0.09504585,0.03643872],
[0.98339021,0.01191889,0.0046909,],
[0.92929213,0.05098762,0.01972025],
[0.87316077,0.09176897,0.03507026],
[9.99866856e-01,1.02991853e-04,3.01518475e-05],
[0.98090693,0.01370665,0.00538641],
[0.91071077,0.06456053,0.0247287,],
[0.93003475,0.05049537,0.01946987],
[0.9536415,0.03348543,0.01287306],
[0.89147525,0.07846458,0.03006018],
[0.88109588,0.0861671,0.03273702],
[0.86812875,0.09539532,0.03647593],
[9.99935892e-01,4.52248971e-05,1.88830093e-05],
[9.98657184e-01,9.59296308e-04,3.83519704e-04],
[9.99965718e-01,2.40800090e-05,1.02016972e-05],
[0.86823588,0.09524153,0.03652258],
[0.872936,0.09188191,0.03518209],
[0.86793903,0.09546716,0.03659381],
[9.99967347e-01,2.29314236e-05,9.72188706e-06],
[0.87868477,0.0876478,0.03366743],
[9.99982138e-01,1.25174197e-05,5.34457849e-06],
[9.99970910e-01,2.04394753e-05,8.65013833e-06],
[0.87201839,0.09248932,0.03549228],
[9.99729194e-01,1.92667729e-04,7.81387137e-05],
[0.90942429,0.06541391,0.0251618,],
[0.98021286,0.01420595,0.00558119],
[0.88445083,0.08634766,0.02920151],
[9.99968814e-01,2.18981940e-05,9.28779191e-06],
[0.91193343,0.06356162,0.02450496],
[0.8700522,0.09396253,0.03598527],
[0.87715762,0.08892963,0.03391275],
[0.96457267,0.02548601,0.00994132],
[0.92638741,0.05309034,0.02052225],
[0.93756781,0.04507367,0.01735851],
[9.99702261e-01,2.10716542e-04,8.70226999e-05],
[9.98511476e-01,1.05927766e-03,4.29246234e-04],
[0.86878511,0.09484746,0.03636743],
[9.99529117e-01,3.35602900e-04,1.35279852e-04],
[0.87165029,0.09289359,0.03545612],
[9.99924335e-01,5.33186761e-05,2.23459319e-05],
[9.98835576e-01,8.41525325e-04,3.22899029e-04],
[0.88088734,0.08610977,0.03300288],
[0.88746711,0.08252605,0.03000684],
[0.8705657,0.0936307,0.0358036],
[0.71722104,0.27605579,0.00672317],
[0.9340995,0.0500711,0.0158294],
[9.99981935e-01,1.26684931e-05,5.39665820e-06],
[0.86807307,0.09535245,0.03657448],
[9.99407290e-01,4.20489461e-04,1.72220538e-04],
[9.99274623e-01,5.14941293e-04,2.10435373e-04],
[0.86737868,0.09604362,0.0365777,],
[0.87256101,0.09210314,0.03533584],
[0.86963781,0.09421693,0.03614526],
[0.88559892,0.08264941,0.03175167],
[0.88715827,0.08151778,0.03132394],
[9.99925156e-01,5.28817024e-05,2.19623425e-05],
[0.86689518,0.09808753,0.03501729],
[0.89017372,0.07933446,0.03049182],
[0.87584236,0.08970021,0.03445744],
[0.88221192,0.08509223,0.03269584],
[0.87642946,0.08942879,0.03414175],
[0.89853444,0.07330099,0.02816457],
[0.90383529,0.06943412,0.02673058],
[0.86796677,0.09542042,0.03661281],
[0.91046627,0.06462856,0.02490518],
[0.8700615,0.09560673,0.03433177],
[0.87208577,0.09244216,0.03547206],
[0.92910745,0.05113005,0.0197625,],
[0.92831173,0.05172343,0.01996484],
[0.86723406,0.09623789,0.03652804],
[0.96445298,0.0256263,0.00992072],
[0.88306022,0.08448169,0.0324581,],
[0.87011251,0.0938861,0.03600138],
[0.84864428,0.12113952,0.03021619],
[0.89227979,0.07818865,0.02953156],
[0.86286116,0.1021353,0.03500354],
[0.86840916,0.09566319,0.03592765],
[0.87193957,0.09257834,0.03548209],
[0.94039157,0.04296288,0.01664555],
[0.87153116,0.09285085,0.03561799],
[0.88797648,0.08091624,0.03110728],
[0.88299408,0.08453976,0.03246616],
[0.96773449,0.02333567,0.00892984],
[0.86761623,0.09578808,0.03659568],
[0.91506986,0.06129219,0.02363796],
[9.98736414e-01,8.98716037e-04,3.64869543e-04],
[0.91406758,0.06209687,0.02383555],
[0.89849561,0.07328944,0.02821495],
[0.86787767,0.09550646,0.03661587],
[0.93384772,0.04769408,0.0184582,],
[0.87056791,0.09388207,0.03555002],
[0.86775296,0.09559443,0.03665261],
[0.86548091,0.09869518,0.03582391],
[9.99886192e-01,8.02754208e-05,3.35326655e-05],
[0.92840952,0.05195236,0.01963812],
[0.87487027,0.09041954,0.03471018],
[0.86950325,0.09539622,0.03510052],
[0.86775725,0.09558014,0.03666262],
[0.94294126,0.04111448,0.01594426],
[9.96639479e-01,2.40163927e-03,9.58881473e-04],
[0.89304569,0.07724463,0.02970968],
[0.88019195,0.08658474,0.03322331],
[0.87710375,0.08880707,0.03408918],
[0.8494656,0.11905134,0.03148305],
[9.96849291e-01,2.24797002e-03,9.02739101e-04],
[0.91911838,0.05835514,0.02252648],
[0.87515209,0.09021519,0.03463271],
[0.99327557,0.00481393,0.0019105,],
[0.86656232,0.09722685,0.03621083],
[0.75557165,0.22589853,0.01852982],
[0.87516415,0.09048239,0.03435346],
[0.87129013,0.0930266,0.03568327],
[0.8705277,0.09426112,0.03521117],
[0.86767592,0.09580282,0.03652126],
[0.99198226,0.00575245,0.00226528],
[0.8676409,0.09568583,0.03667327],
[0.99339949,0.00480004,0.00180047],
[0.86778648,0.09560261,0.0366109,],
[9.98407629e-01,1.13493134e-03,4.57440154e-04],
[9.97054323e-01,2.10461522e-03,8.41061480e-04],
[0.88272657,0.08503343,0.03224,],
[0.86764835,0.0956802,0.03667145],
[0.85796853,0.10828987,0.0337416,],
[0.87609698,0.08952996,0.03437306],
[0.8676702,0.0956617,0.0366681],
[0.86857104,0.09498904,0.03643992],
[0.88771094,0.08109273,0.03119633],
[0.90409638,0.06924969,0.02665393],
[0.871012,0.09324826,0.03573974],
[9.99970107e-01,2.16067341e-05,8.28639943e-06],
[0.83160878,0.14317115,0.02522007],
[0.9089513,0.0657315,0.0253172],
[0.9952883,0.00336647,0.00134524],
[0.91061759,0.06606662,0.02331579],
[0.9658364,0.02458608,0.00957752],
[0.86815793,0.09529822,0.03654385],
[0.89436212,0.07646079,0.02917709],
[0.99242893,0.00541903,0.00215205],
[0.91927022,0.05823506,0.02249472],
[0.96268989,0.02684468,0.01046543],
[0.8843266,0.08361187,0.03206153],
[0.99560504,0.00313928,0.00125568],
[0.90358739,0.06962316,0.02678945],
[0.86706045,0.09662938,0.03631017],
[0.87207487,0.09246914,0.03545599],
[0.88031535,0.08661343,0.03307122],
[9.99845621e-01,1.10166448e-04,4.42126360e-05],
[9.97752304e-01,2.10937095e-03,1.38324704e-04],
[0.86800816,0.09541146,0.03658038],
[0.88649065,0.08212891,0.03138044],
[0.87727596,0.08869344,0.03403061],
[0.89822707,0.07349547,0.02827746],
[0.86820094,0.09525753,0.03654153],
[0.90389787,0.06939355,0.02670858],
[0.93036494,0.05021366,0.0194214,],
[0.90035555,0.07196428,0.02768017],
[0.86950569,0.0943586,0.03613571],
[0.99615296,0.00274675,0.0011003,],
[0.92260009,0.05583654,0.02156337],
[0.86960795,0.0942959,0.03609616],
[0.99479325,0.00385074,0.00135602],
[0.99545586,0.0032534,0.00129074],
[0.88765781,0.08118631,0.03115588],
[0.86527652,0.09963352,0.03508997],
[0.86799207,0.10287014,0.02913779],
[0.91499003,0.06143229,0.02357768],
[0.90371097,0.07446019,0.02182884],
[0.86788837,0.09548498,0.03662665],
[0.92185109,0.0596158,0.01853312],
[0.86754401,0.09591376,0.03654223],
[0.88547156,0.08274508,0.03178336],
[0.86765497,0.09567724,0.03666779],
[0.86853887,0.09501263,0.0364485,],
[0.87120477,0.09340406,0.03539117],
[0.85672442,0.1100196,0.03325598],
[0.86266234,0.10277895,0.03455872],
[0.86502699,0.099159,0.03581401],
[0.87027315,0.09379276,0.03593409],
[0.86746607,0.09594813,0.0365858,],
[0.86774788,0.09559033,0.03666178],
[0.86955255,0.09431798,0.03612947],
[0.86993395,0.094005,0.03606106],
[0.86863891,0.09498833,0.03637276],
[0.87130614,0.09796193,0.03073192],
[0.86768035,0.09563584,0.03668381],
[0.87115017,0.09312078,0.03572905],
[0.88867289,0.08064426,0.03068286],
[0.87667553,0.08912091,0.03420355],
[0.96223576,0.02728995,0.01047428],
[0.91833347,0.06513503,0.0165315,],
[0.87126211,0.09311843,0.03561947],
[0.86769762,0.09562267,0.03667971],
[9.98580809e-01,1.00983182e-03,4.09359610e-04],
[0.86858447,0.09505432,0.03636121],
[0.86920852,0.09452835,0.03626313],
[0.87705985,0.08886868,0.03407147],
[0.87178475,0.09268169,0.03553356],
[9.97410383e-01,1.84769694e-03,7.41920543e-04],
[0.91075046,0.06777126,0.02147828],
[0.95282484,0.03509721,0.01207795],
[0.87361038,0.09142738,0.03496223],
[0.91959225,0.0580246,0.02238315],
[0.86889298,0.0947559,0.03635112],
[0.86925826,0.09449048,0.03625126],
[9.99971601e-01,1.99906745e-05,8.40844250e-06],
[0.82883025,0.1446576,0.02651215],
[0.86814856,0.09529921,0.03655223],
[0.86924615,0.09452115,0.0362327,],
[0.86734362,0.09613566,0.03652072],
[0.97267027,0.01964772,0.00768201],
[0.87458046,0.09761247,0.02780707],
[0.90042452,0.07335284,0.02622264],
[0.96633926,0.02425637,0.00940437],
[0.81104843,0.16593756,0.02301401],
[0.91510714,0.06125921,0.02363365],
[0.86325897,0.10160874,0.03513229],
[0.86751428,0.09586026,0.03662546],
[0.87844637,0.08782612,0.03372751],
[0.88273227,0.08475612,0.03251161],
[0.82464541,0.15781291,0.01754168],
[0.83710959,0.13415978,0.02873063],
[0.89701747,0.08975349,0.01322904],
[0.86739638,0.09656019,0.03604343],
[0.87517506,0.09308345,0.03174149],
[0.87264876,0.09210865,0.03524259],
[0.91370386,0.06234732,0.02394882],
[0.86844301,0.09532363,0.03623336],
[0.87804994,0.08867923,0.03327082],
[0.97747595,0.01618869,0.00633536],
[0.95681423,0.03132693,0.01185885],
[0.90087358,0.07157069,0.02755573],
[0.8740708,0.0910448,0.0348844],
[0.86059907,0.10505277,0.03434815],
[0.88030565,0.0864843,0.03321005],
[9.99962606e-01,2.64421644e-05,1.09521588e-05],
[0.86973344,0.0941469,0.03611966],
[0.87887232,0.08752004,0.03360764],
[0.97848734,0.01544961,0.00606305],
[0.92963913,0.05088811,0.01947277],
[0.86795649,0.09545471,0.0365888,],
[0.86832509,0.09516731,0.0365076,],
[0.88506332,0.08405671,0.03087997],
[0.87052765,0.0943279,0.03514445],
[0.86801911,0.09539331,0.03658759],
[0.87343137,0.09203777,0.03453086],
[0.88338455,0.0842934,0.03232205],
[0.91351371,0.06277977,0.02370652],
[0.86762552,0.09570166,0.03667281],
[0.86769735,0.09562876,0.03667389],
[0.87071464,0.09343986,0.03584549],
[9.99729665e-01,1.91371416e-04,7.89637994e-05],
[0.87018512,0.0948824,0.03493248],
[0.86964846,0.09566276,0.03468878],
[0.98517368,0.01063392,0.00419239],
[0.86770719,0.09820037,0.03409245],
[0.87402339,0.09187582,0.03410079],
[0.90028107,0.07213293,0.027586,],
[0.98797407,0.00877455,0.00325138],
[0.86770042,0.09620419,0.03609539],
[0.97557822,0.01754723,0.00687455],
[0.86752505,0.09584102,0.03663393],
[0.91303696,0.06277077,0.02419227],
[0.88085025,0.08610419,0.03304557],
[0.91433043,0.06306639,0.02260317],
[0.92162421,0.05653954,0.02183625],
[0.86835578,0.09514536,0.03649886],
[0.88339618,0.08427524,0.03232858],
[9.96935645e-01,2.51346165e-03,5.50893363e-04],
[0.89083825,0.07884641,0.03031533],
[0.8900873,0.07940936,0.03050334],
[0.87048591,0.09361303,0.03590106],
[0.87739558,0.08860146,0.03400296],
[0.89256893,0.07765406,0.02977701],
[0.92123713,0.0568948,0.02186807],
[0.87072381,0.09355719,0.035719,],
[9.99896711e-01,7.28522704e-05,3.04365924e-05],
[0.93728476,0.0452056,0.01750964],
[0.87371724,0.09170781,0.03457495],
[0.8693379,0.09443283,0.03622927],
[0.94645174,0.0394929,0.01405536],
[0.87772857,0.08834774,0.03392369],
[0.8695804,0.09427095,0.03614865],
[0.95737253,0.03068482,0.01194265],
[0.98425377,0.01129435,0.00445188],
[0.97625122,0.017429,0.00631979],
[0.90112213,0.07307456,0.02580331],
[0.87803985,0.09257551,0.02938465],
[0.8676667,0.09568755,0.03664574],
[0.8689925,0.09840704,0.03260047],
[9.99787523e-01,1.51206559e-04,6.12707252e-05],
[0.93642635,0.04603174,0.01754191],
[0.90220528,0.07062732,0.02716741],
[0.9900933,0.00709778,0.00280892],
[0.98190307,0.01299909,0.00509784],
[0.86584824,0.10006537,0.03408639],
[0.87924169,0.08725198,0.03350633],
[0.86771868,0.09560743,0.03667389],
[0.86747091,0.09605302,0.03647607],
[9.99291397e-01,5.13129391e-04,1.95473346e-04],
[0.86835064,0.09514852,0.03650085],
[0.86943147,0.09614761,0.03442092],
[0.88503985,0.08310125,0.0318589,],
[0.86203833,0.10442678,0.03353488],
[0.87219775,0.09235971,0.03544254],
[0.86906537,0.09484586,0.03608877],
[0.91218534,0.06338609,0.02442857],
[0.86792629,0.09546233,0.03661138],
[0.97610099,0.01717283,0.00672619],
[0.89864043,0.07373158,0.02762799],
[0.86769404,0.0957231,0.03658286],
[0.86960083,0.09432171,0.03607746],
[0.86769153,0.09607628,0.0362322,],
[9.99887406e-01,8.05063177e-05,3.20874501e-05],
[0.99189734,0.0058146,0.00228806],
[0.86859914,0.09498602,0.03641483],
[0.86786235,0.09595609,0.03618156],
[0.80801654,0.17206407,0.01991939],
[0.92263765,0.05580465,0.02155771],
[0.86973067,0.09416022,0.03610911],
[0.96259557,0.02694768,0.01045675],
[0.92528874,0.05392233,0.02078893],
[0.87006222,0.09391946,0.03601831],
[0.86765832,0.09571145,0.03663023],
[0.98584048,0.01015472,0.0040048,],
[0.868339,0.09567522,0.03598578],
[0.87187361,0.09485059,0.03327579],
[0.90447324,0.06897429,0.02655248],
[0.86924447,0.09513463,0.0356209,],
[0.86949567,0.09437919,0.03612514],
[9.99561496e-01,3.14373628e-04,1.24130573e-04],
[0.93910899,0.04409801,0.016793,],
[0.88297778,0.08455125,0.03247097],
[0.86731676,0.09615717,0.03652607],
[0.85793773,0.10911679,0.03294547],
[0.86767176,0.09564447,0.03668378],
[9.99451676e-01,3.94247439e-04,1.54076995e-04],
[0.86778472,0.09561541,0.03659987],
[0.87314509,0.09167329,0.03518162],
[0.89572958,0.07529585,0.02897458],
[0.86768252,0.09563603,0.03668144],
[0.86808683,0.09534116,0.03657201],
[0.86786111,0.09550613,0.03663277],
[0.86973147,0.09620903,0.0340595,],
[0.86859465,0.09497906,0.03642629],
[0.88476961,0.08358855,0.03164184],
[0.89589176,0.07524913,0.02885911],
[0.86775807,0.09560438,0.03663755],
[0.86737565,0.09615397,0.03647038],
[0.8720396,0.09247398,0.03548641],
[0.86727665,0.09619262,0.03653073],
[0.87039882,0.09367192,0.03592926],
[0.90315529,0.06992643,0.02691829],
[0.89940523,0.0726501,0.02794468],
[0.88805146,0.08086151,0.03108703],
[0.88768062,0.08113893,0.03118045],
[0.87397621,0.09287662,0.03314717],
[0.95062065,0.03940218,0.00997717],
[0.86928824,0.09446899,0.03624277],
[0.99614669,0.00276526,0.00108805],
[0.86828344,0.09557787,0.03613868],
[0.91095259,0.06907781,0.0199696,],
[0.98669732,0.00953756,0.00376512],
[0.98699132,0.00938328,0.0036254,],
[0.86862552,0.09498913,0.03638535],
[0.86676913,0.09685738,0.03637349],
[0.86972716,0.09413669,0.03613615],
[0.86631025,0.09751657,0.03617318],
[9.98094479e-01,1.45416020e-03,4.51360778e-04],
[9.99970461e-01,2.23267763e-05,7.21256560e-06],
[0.80250874,0.1738729,0.02361836],
[0.86788871,0.09601477,0.03609652],
[0.86768789,0.09653184,0.03578027],
[0.86766847,0.09565157,0.03667996],
[0.86849642,0.09504317,0.03646041],
[0.86830727,0.09522033,0.0364724,],
[0.86766956,0.09566089,0.03666955],
[0.87140319,0.09307131,0.0355255,],
[0.86966398,0.09420012,0.0361359,],
[0.86933572,0.09601478,0.0346495,],
[0.92068787,0.05722935,0.02208279],
[0.96061239,0.02834645,0.01104116],
[0.86444081,0.1006735,0.03488569],
[0.8678187,0.09561259,0.03656871],
[0.86811107,0.09533861,0.03655032],
[0.86982272,0.09409658,0.0360807,],
[0.89336928,0.07702923,0.02960148],
[0.92794963,0.05197171,0.02007866],
[0.86805493,0.09537166,0.03657341],
[0.87896345,0.08745345,0.0335831,],
[0.8669334,0.09776877,0.03529783],
[0.90250625,0.0703847,0.02710905],
[0.95531481,0.03217354,0.01251164],
[0.867184,0.09687567,0.03594033],
[0.87991175,0.08677614,0.03331211],
[0.86978396,0.09428068,0.03593536],
[0.86885076,0.09478617,0.03636307],
[0.86742163,0.09631061,0.03626776],
[0.86767585,0.09563848,0.03668566],
[0.86769973,0.09564443,0.03665585],
[9.99972509e-01,2.20195399e-05,5.47133722e-06],
[0.86518426,0.0991639,0.03565184],
[0.87716107,0.08895647,0.03388245],
[0.86796329,0.09544753,0.03658918],
[0.88252298,0.0866037,0.03087333],
[0.85687111,0.10970362,0.03342526],
[0.87780688,0.08829033,0.03390279],
[0.87026966,0.09375694,0.0359734,],
[0.86774505,0.09559666,0.03665829],
[0.87092311,0.09347204,0.03560485],
[0.90177933,0.07091348,0.02730719],
[0.87367031,0.09139295,0.03493674],
[0.86777663,0.09557071,0.03665266],
[0.86778539,0.09556728,0.03664732],
[0.92942098,0.05090186,0.01967716],
[0.8679639,0.09543183,0.03660427],
[0.86991458,0.09464007,0.03544534],
[0.86830478,0.09518258,0.03651264],
[0.86288155,0.10346983,0.03364862],
[0.87855267,0.08775246,0.03369488],
[0.86778024,0.09556276,0.03665699],
[0.86770768,0.09561617,0.03667615],
[0.5622258,0.42983056,0.00794364],
[0.88903235,0.0801524,0.03081525],
[0.9070819,0.06708964,0.02582846],
[0.86997619,0.09439457,0.03562924],
[0.8601234,0.10565104,0.03422556],
[0.86817625,0.09528515,0.0365386,],
[0.87002433,0.09398694,0.03598873],
[0.86768306,0.09564067,0.03667627],
[0.87711638,0.09470836,0.02817526],
[0.98112463,0.01354925,0.00532612],
[0.96822318,0.02286463,0.00891218],
[0.86798612,0.09541449,0.03659939],
[0.86778691,0.09555807,0.03665502],
[0.86874663,0.0950604,0.03619297],
[0.89388618,0.07663206,0.02948176],
[0.86850731,0.09503603,0.03645666],
[0.97718874,0.0163878,0.00642346],
[0.87058142,0.09353967,0.03587891],
[0.86738752,0.09604363,0.03656885],
[0.89801462,0.07364743,0.02833795],
[0.93636838,0.04590646,0.01772516],
[0.8676803,0.09564509,0.03667461],
[0.94955384,0.03634511,0.01410104],
[0.88912566,0.08283135,0.02804298],
[0.86881714,0.09480837,0.0363745,],
[0.89314181,0.07740406,0.02945413],
[0.79963142,0.17724666,0.02312193],
[0.86865137,0.09493389,0.03641474],
[0.86750376,0.09593198,0.03656426],
[0.86911806,0.094889,0.03599294],
[0.86779843,0.09555023,0.03665134],
[0.86819367,0.0953796,0.03642673],
[0.86804619,0.09538947,0.03656434],
[0.97315003,0.01929729,0.00755268],
[0.86810562,0.09536832,0.03652607],
[0.87909217,0.0873621,0.03354573],
[0.86790097,0.09547684,0.03662219],
[0.87067414,0.09343961,0.03588625],
[0.89572083,0.07530153,0.02897764],
[9.96882141e-01,2.22791900e-03,8.89940062e-04],
[0.86985072,0.09406557,0.03608371],
[0.8603786,0.10552999,0.03409141],
[0.87481205,0.09046854,0.0347194,],
[0.86864215,0.0949594,0.03639844],
[0.87161277,0.0927832,0.03560402],
[0.86783882,0.09552965,0.03663154],
[0.86768487,0.09564523,0.0366699,],
[0.86816186,0.09528955,0.03654859],
[0.93828869,0.04449398,0.01721734],
[0.67851041,0.30803609,0.0134535,],
[0.86756475,0.09589852,0.03653673],
[0.86873519,0.09487717,0.03638765],
[9.99924027e-01,6.78907336e-05,8.08229374e-06],
[0.86972303,0.09415885,0.03611813],
[0.86455372,0.09984213,0.03560415],
[0.86906224,0.09463451,0.03630325],
[0.86891929,0.09473643,0.03634428],
[0.86769926,0.09562308,0.03667766],
[0.86975454,0.09414642,0.03609903],
[0.87516631,0.09025368,0.03458,],
[0.96185279,0.02759182,0.01055539],
[0.93374591,0.04793187,0.01832222],
[0.8729965,0.09180655,0.03519695],
[0.86780965,0.09555783,0.03663252],
[0.86872908,0.09495878,0.03631214],
[0.43248048,0.5627429,0.00477662],
[0.90338162,0.06975513,0.02686325],
[0.86870463,0.0952729,0.03602247],
[0.90281825,0.07321347,0.02396828],
[0.86766681,0.09564626,0.03668693],
[0.91065565,0.06471366,0.02463069],
[0.87136226,0.09296743,0.03567031],
[0.86770928,0.09562991,0.03666082],
[0.8763085,0.08937689,0.03431461],
[0.87164748,0.09275728,0.03559524],
[0.96569871,0.02468247,0.00961882],
[0.86844605,0.09509698,0.03645697],
[0.86767059,0.09564229,0.03668711],
[0.86651879,0.09905609,0.03442512],
[0.8724659,0.09216478,0.03536933],
[0.8927812,0.07773708,0.02948172],
[0.86794716,0.09549288,0.03655996],
[9.99864492e-01,9.71885666e-05,3.83191421e-05],
[0.87085528,0.09350981,0.03563491],
[0.86809618,0.09533844,0.03656537],
[0.86874458,0.094873,0.03638241],
[0.87520247,0.09018021,0.03461732],
[0.86770092,0.09562266,0.03667642],
[0.86771796,0.09560982,0.03667222],
[0.8693572,0.09442565,0.03621715],
[0.8682324,0.09524093,0.03652667],
[0.88167308,0.08628926,0.03203766],
[0.90636423,0.06764325,0.02599252],
[0.86767776,0.09563718,0.03668506],
[0.88672311,0.08186214,0.03141474],
[0.87088666,0.09334165,0.03577169],
[0.94436856,0.04009269,0.01553875],
[0.87008357,0.0939297,0.03598673],
[0.86772722,0.09581161,0.03646117],
[0.8679248,0.09546515,0.03661005],
[0.87126285,0.09305355,0.03568361],
[0.86833829,0.09515809,0.03650362],
[0.99615323,0.00274642,0.00110036],
[0.8686569,0.09503715,0.03630595],
[0.86729141,0.09618353,0.03652506],
[9.99977117e-01,1.60654481e-05,6.81804472e-06],
[0.88103009,0.08595267,0.03301725],
[0.86755338,0.09582207,0.03662456],
[0.86789319,0.09554867,0.03655813],
[0.94623636,0.03880159,0.01496205],
[0.86768133,0.09563479,0.03668388],
[0.86871967,0.09492139,0.03635894],
[0.86828454,0.09526311,0.03645234],
[0.8678975,0.09548013,0.03662237],
[0.86849551,0.09514512,0.03635936],
[0.86841485,0.09533173,0.03625341],
[0.94841306,0.03715921,0.01442773],
[0.86814037,0.09530732,0.03655231],
[0.87690202,0.08897824,0.03411974],
[0.86767428,0.09564464,0.03668108],
[0.86783025,0.09552646,0.03664329],
[9.99916041e-01,5.91586041e-05,2.48002029e-05],
[0.8848886,0.08330091,0.03181049],
[0.86814416,0.09670355,0.03515229],
[0.88574285,0.08600274,0.02825441],
[0.87511063,0.09024546,0.03464391],
[0.96926091,0.02256275,0.00817635],
[0.86755257,0.09598663,0.0364608,],
[0.86768,0.09563549,0.03668451],
[0.99561977,0.00312893,0.0012513,],
[0.86795691,0.09548923,0.03655386],
[0.87110841,0.09332497,0.03556662],
[0.86997087,0.09418486,0.03584427],
[0.86772302,0.09566735,0.03660964],
[0.86891135,0.09474622,0.03634243],
[0.84687451,0.12218156,0.03094393],
[0.86900607,0.09467415,0.03631978],
[0.86746866,0.09600644,0.0365249,],
[0.995544,0.00318296,0.00127304],
[0.86792058,0.09590224,0.03617719],
[0.88048631,0.08889978,0.03061391],
[0.87240022,0.09248795,0.03511183],
[0.86851524,0.09512922,0.03635554],
[0.92742531,0.05251075,0.02006394],
[0.90199701,0.07076715,0.02723583],
[0.87060943,0.09420497,0.03518559],
[0.86658327,0.09727687,0.03613986],
[0.88522947,0.08297767,0.03179286],
[0.86766381,0.09565039,0.0366858,],
[0.87261365,0.09231872,0.03506762],
[0.86918574,0.09457654,0.03623771],
[0.86815508,0.09530135,0.03654357],
[0.86813698,0.09539621,0.03646681],
[9.99973408e-01,2.21546637e-05,4.43710804e-06],
[0.86801638,0.09539864,0.03658498],
[0.86777243,0.09557169,0.03665588],
[0.86885784,0.09488119,0.03626098],
[0.86764278,0.09567862,0.0366786,],
[0.87863118,0.08776535,0.03360346],
[0.9072389,0.06697047,0.02579063],
[0.86786992,0.09552404,0.03660604],
[0.86803721,0.09537683,0.03658596],
[0.86767482,0.09564525,0.03667993],
[0.86823056,0.09528341,0.03648602],
[0.89150512,0.07837403,0.03012085],
[0.98323323,0.01203208,0.00473469],
[0.86767555,0.09564469,0.03667976],
[0.89380045,0.07677677,0.02942278],
[0.86945821,0.09462719,0.03591461],
[0.86766897,0.09564396,0.03668706],
[0.87018494,0.09381867,0.03599639],
[0.86848207,0.09505369,0.03646425],
[0.86685927,0.09702496,0.03611577],
[0.86799388,0.09540781,0.03659832],
[0.86781565,0.09555005,0.0366343,],
[0.87190526,0.09257034,0.0355244,],
[0.86737911,0.09611091,0.03650998],
[0.86764771,0.09568012,0.03667217],
[0.86745639,0.09630484,0.03623877],
[0.86816955,0.09528449,0.03654596],
[0.86876166,0.09485088,0.03638746],
[0.86783974,0.09551966,0.03664059],
[0.86938992,0.09449086,0.03611923],
[0.93182488,0.04915594,0.01901918],
[0.89840323,0.07735419,0.02424258],
[0.87144972,0.09290241,0.03564787],
[0.87079504,0.09337509,0.03582987],
[0.86766996,0.09565104,0.036679,],
[0.86782696,0.09553214,0.03664089],
[0.8782893,0.08854067,0.03317003],
[0.91210312,0.06347233,0.02442455],
[0.87660492,0.09008855,0.03330653],
[0.86831437,0.09517526,0.03651037],
[0.86765493,0.09567198,0.03667308],
[0.95325531,0.03366087,0.01308382],
[0.86739737,0.09609075,0.03651188],
[0.92757657,0.05234616,0.02007727],
[0.86891437,0.09476421,0.03632142],
[0.87800153,0.08819,0.03380847],
[0.86763132,0.09570305,0.03666564],
[0.86807587,0.0953519,0.03657223],
[0.86766777,0.09566805,0.03666417],
[0.87089877,0.0933013,0.03579992],
[0.88082357,0.08614716,0.03302927],
[0.86520489,0.09907396,0.03572114],
[0.86768605,0.09564345,0.0366705,],
[0.87111337,0.0934239,0.03546273],
[0.86681692,0.0967971,0.03638597],
[0.86684078,0.09675871,0.03640051],
[0.86660457,0.09714265,0.03625277],
[0.86274337,0.10233783,0.0349188,],
[0.88130383,0.08575376,0.03294242],
[0.92897984,0.05122054,0.01979962],
[0.8696256,0.09427453,0.03609987],
[0.8647344,0.09961883,0.03564677],
[0.88238648,0.08500441,0.03260911],
[0.91610618,0.06053343,0.02336039],
[0.88023242,0.08654758,0.03322,],
[0.86853715,0.09503041,0.03643244],
[0.88982556,0.07959486,0.03057958],
[0.87621518,0.08945503,0.03432979],
[0.87039764,0.09416167,0.03544069],
[0.87892653,0.08785506,0.03321841],
[0.86813069,0.09532917,0.03654014],
[0.87077801,0.0944491,0.03477289],
[0.867683,0.09564214,0.03667486],
[0.86839681,0.09519441,0.03640877],
[0.86768912,0.09562889,0.03668199],
[0.98391172,0.01154527,0.00454301],
[0.86775928,0.09567119,0.03656953],
[0.87455695,0.09174245,0.03370061],
[0.87927303,0.08849178,0.03223519],
[0.86769566,0.09563077,0.03667357],
[0.94303973,0.04172118,0.01523909],
[0.86773326,0.09559679,0.03666995],
[0.89071422,0.0799425,0.02934328],
[0.8753146,0.09077842,0.03390699],
[0.94323672,0.04091099,0.01585229],
[0.86768717,0.0956309,0.03668193],
[0.92781635,0.05212643,0.02005722],
[0.86816733,0.09528199,0.03655068],
[0.9163717,0.06043177,0.02319653],
[0.86861961,0.09501896,0.03636143],
[0.92793403,0.05738933,0.01467664],
[0.86788781,0.09548485,0.03662735],
[0.868146,0.09529774,0.03655626],
[0.86793778,0.09544892,0.0366133,],
[0.86767528,0.09563889,0.03668582],
[0.88971375,0.07965738,0.03062888],
[0.8684287,0.09509382,0.03647748],
[0.88684288,0.08173673,0.03142039],
[0.86818933,0.09822191,0.03358876],
[0.86482396,0.09943682,0.03573922],
[0.88252619,0.08499467,0.03247913],
[0.90910803,0.06566572,0.02522625],
[0.86649229,0.09765356,0.03585415],
[0.86772938,0.09559974,0.03667089],
[0.9017446,0.0709391,0.0273163],
[0.86790384,0.09547498,0.03662119],
[0.89697285,0.07439464,0.02863252],
[0.96643005,0.02460062,0.00896934],
[0.87183891,0.09266156,0.03549953]]
b=[
[1,0,0],
[1,0,0],
[1,0,0],
[1,0,0],
[1,0,0],
[1,0,0],
[1,0,0],
[1,0,0],
[1,0,0],
[1,0,0],
[1,0,0],
[1,0,0],
[1,0,0],
[1,0,0],
[1,0,0],
[1,0,0],
[1,0,0],
[1,0,0],
[1,0,0],
[1,0,0],
[1,0,0],
[1,0,0],
[1,0,0],
[1,0,0],
[1,0,0],
[1,0,0],
[1,0,0],
[1,0,0],
[1,0,0],
[1,0,0],
[1,0,0],
[1,0,0],
[1,0,0],
[1,0,0],
[1,0,0],
[1,0,0],
[1,0,0],
[1,0,0],
[1,0,0],
[1,0,0],
[1,0,0],
[1,0,0],
[1,0,0],
[1,0,0],
[1,0,0],
[1,0,0],
[1,0,0],
[1,0,0],
[1,0,0],
[1,0,0],
[1,0,0],
[1,0,0],
[1,0,0],
[1,0,0],
[1,0,0],
[1,0,0],
[1,0,0],
[1,0,0],
[1,0,0],
[1,0,0],
[1,0,0],
[1,0,0],
[1,0,0],
[1,0,0],
[1,0,0],
[0,1,0],
[0,1,0],
[0,1,0],
[0,1,0],
[0,1,0],
[0,1,0],
[0,1,0],
[0,1,0],
[0,1,0],
[0,1,0],
[0,1,0],
[0,1,0],
[0,1,0],
[0,1,0],
[0,1,0],
[0,1,0],
[0,1,0],
[0,1,0],
[0,1,0],
[0,1,0],
[0,1,0],
[0,1,0],
[0,1,0],
[0,1,0],
[0,1,0],
[0,1,0],
[0,1,0],
[0,1,0],
[0,1,0],
[0,1,0],
[0,1,0],
[0,1,0],
[0,1,0],
[0,1,0],
[0,1,0],
[0,1,0],
[0,1,0],
[0,1,0],
[0,1,0],
[0,1,0],
[0,1,0],
[0,1,0],
[0,1,0],
[0,1,0],
[0,1,0],
[0,1,0],
[0,1,0],
[0,1,0],
[0,1,0],
[0,1,0],
[0,1,0],
[0,1,0],
[0,1,0],
[0,1,0],
[0,1,0],
[0,1,0],
[0,1,0],
[0,1,0],
[0,1,0],
[0,1,0],
[0,1,0],
[0,1,0],
[0,1,0],
[0,1,0],
[0,1,0],
[0,1,0],
[0,1,0],
[0,1,0],
[0,1,0],
[0,1,0],
[0,1,0],
[0,1,0],
[0,1,0],
[0,1,0],
[0,1,0],
[0,1,0],
[0,1,0],
[0,1,0],
[0,1,0],
[0,1,0],
[0,1,0],
[0,1,0],
[0,1,0],
[0,1,0],
[0,1,0],
[0,1,0],
[0,1,0],
[0,1,0],
[0,1,0],
[0,1,0],
[0,1,0],
[0,1,0],
[0,1,0],
[0,1,0],
[0,1,0],
[0,1,0],
[0,1,0],
[0,1,0],
[0,1,0],
[0,1,0],
[0,1,0],
[0,1,0],
[0,1,0],
[0,1,0],
[0,1,0],
[0,1,0],
[0,1,0],
[0,1,0],
[0,1,0],
[0,1,0],
[0,1,0],
[0,1,0],
[0,1,0],
[0,1,0],
[0,1,0],
[0,1,0],
[0,1,0],
[0,1,0],
[0,1,0],
[0,1,0],
[0,1,0],
[0,1,0],
[0,1,0],
[0,1,0],
[0,1,0],
[0,1,0],
[0,1,0],
[0,1,0],
[0,1,0],
[0,1,0],
[0,1,0],
[0,1,0],
[0,1,0],
[0,1,0],
[0,1,0],
[0,1,0],
[0,1,0],
[0,1,0],
[0,1,0],
[0,1,0],
[0,1,0],
[0,1,0],
[0,1,0],
[0,1,0],
[0,1,0],
[0,1,0],
[0,1,0],
[0,1,0],
[0,1,0],
[0,1,0],
[0,1,0],
[0,1,0],
[0,1,0],
[0,1,0],
[0,1,0],
[0,1,0],
[0,1,0],
[0,1,0],
[0,1,0],
[0,1,0],
[0,1,0],
[0,1,0],
[0,1,0],
[0,1,0],
[0,1,0],
[0,1,0],
[0,1,0],
[0,1,0],
[0,1,0],
[0,1,0],
[0,1,0],
[0,1,0],
[0,1,0],
[0,1,0],
[0,1,0],
[0,1,0],
[0,1,0],
[0,1,0],
[0,1,0],
[0,1,0],
[0,1,0],
[0,1,0],
[0,1,0],
[0,1,0],
[0,1,0],
[0,1,0],
[0,1,0],
[0,1,0],
[0,1,0],
[0,1,0],
[0,1,0],
[0,1,0],
[0,1,0],
[0,1,0],
[0,1,0],
[0,1,0],
[0,1,0],
[0,1,0],
[0,1,0],
[0,1,0],
[0,1,0],
[0,1,0],
[0,1,0],
[0,1,0],
[0,1,0],
[0,1,0],
[0,1,0],
[0,1,0],
[0,1,0],
[0,1,0],
[0,1,0],
[0,1,0],
[0,1,0],
[0,1,0],
[0,1,0],
[0,1,0],
[0,1,0],
[0,1,0],
[0,1,0],
[0,1,0],
[0,1,0],
[0,1,0],
[0,1,0],
[0,1,0],
[0,1,0],
[0,1,0],
[0,1,0],
[0,1,0],
[0,1,0],
[0,1,0],
[0,1,0],
[0,1,0],
[0,1,0],
[0,1,0],
[0,1,0],
[0,1,0],
[0,1,0],
[0,1,0],
[0,1,0],
[0,1,0],
[0,1,0],
[0,1,0],
[0,1,0],
[0,1,0],
[0,1,0],
[0,1,0],
[0,1,0],
[0,1,0],
[0,1,0],
[0,1,0],
[0,1,0],
[0,1,0],
[0,1,0],
[0,1,0],
[0,1,0],
[0,1,0],
[0,1,0],
[0,1,0],
[0,1,0],
[0,1,0],
[0,1,0],
[0,1,0],
[0,1,0],
[0,1,0],
[0,1,0],
[0,1,0],
[0,1,0],
[0,1,0],
[0,1,0],
[0,1,0],
[0,1,0],
[0,1,0],
[0,1,0],
[0,1,0],
[0,1,0],
[0,1,0],
[0,0,1],
[0,0,1],
[0,0,1],
[0,0,1],
[0,0,1],
[0,0,1],
[0,0,1],
[0,0,1],
[0,0,1],
[0,0,1],
[0,0,1],
[0,0,1],
[0,0,1],
[0,0,1],
[0,0,1],
[0,0,1],
[0,0,1],
[0,0,1],
[0,0,1],
[0,0,1],
[0,0,1],
[0,0,1],
[0,0,1],
[0,0,1],
[0,0,1],
[0,0,1],
[0,0,1],
[0,0,1],
[0,0,1],
[0,0,1],
[0,0,1],
[0,0,1],
[0,0,1],
[0,0,1],
[0,0,1],
[0,0,1],
[0,0,1],
[0,0,1],
[0,0,1],
[0,0,1],
[0,0,1],
[0,0,1],
[0,0,1],
[0,0,1],
[0,0,1],
[0,0,1],
[0,0,1],
[0,0,1],
[0,0,1],
[0,0,1],
[0,0,1],
[0,0,1],
[0,0,1],
[0,0,1],
[0,0,1],
[0,0,1],
[0,0,1],
[0,0,1],
[0,0,1],
[0,0,1],
[0,0,1],
[0,0,1],
[0,0,1],
[0,0,1],
[0,0,1],
[0,0,1],
[0,0,1],
[0,0,1],
[0,0,1],
[0,0,1],
[0,0,1],
[0,0,1],
[0,0,1],
[0,0,1],
[0,0,1],
[0,0,1],
[0,0,1],
[0,0,1],
[0,0,1],
[0,0,1],
[0,0,1],
[0,0,1],
[0,0,1],
[0,0,1],
[0,0,1],
[0,0,1],
[0,0,1],
[0,0,1],
[0,0,1],
[0,0,1],
[0,0,1],
[0,0,1],
[0,0,1],
[0,0,1],
[0,0,1],
[0,0,1],
[0,0,1],
[0,0,1],
[0,0,1],
[0,0,1],
[0,0,1],
[0,0,1],
[0,0,1],
[0,0,1],
[0,0,1],
[0,0,1],
[0,0,1],
[0,0,1],
[0,0,1],
[0,0,1],
[0,0,1],
[0,0,1],
[0,0,1],
[0,0,1],
[0,0,1],
[0,0,1],
[0,0,1],
[0,0,1],
[0,0,1],
[0,0,1],
[0,0,1],
[0,0,1],
[0,0,1],
[0,0,1],
[0,0,1],
[0,0,1],
[0,0,1],
[0,0,1],
[0,0,1],
[0,0,1],
[0,0,1],
[0,0,1],
[0,0,1],
[0,0,1],
[0,0,1],
[0,0,1],
[0,0,1],
[0,0,1],
[0,0,1],
[0,0,1],
[0,0,1],
[0,0,1],
[0,0,1],
[0,0,1],
[0,0,1],
[0,0,1],
[0,0,1],
[0,0,1],
[0,0,1],
[0,0,1],
[0,0,1],
[0,0,1],
[0,0,1],
[0,0,1],
[0,0,1],
[0,0,1],
[0,0,1],
[0,0,1],
[0,0,1],
[0,0,1],
[0,0,1],
[0,0,1],
[0,0,1],
[0,0,1],
[0,0,1],
[0,0,1],
[0,0,1],
[0,0,1],
[0,0,1],
[0,0,1],
[0,0,1],
[0,0,1],
[0,0,1],
[0,0,1],
[0,0,1],
[0,0,1],
[0,0,1],
[0,0,1],
[0,0,1],
[0,0,1],
[0,0,1],
[0,0,1],
[0,0,1],
[0,0,1],
[0,0,1],
[0,0,1],
[0,0,1],
[0,0,1],
[0,0,1],
[0,0,1],
[0,0,1],
[0,0,1],
[0,0,1],
[0,0,1],
[0,0,1],
[0,0,1],
[0,0,1],
[0,0,1],
[0,0,1],
[0,0,1],
[0,0,1],
[0,0,1],
[0,0,1],
[0,0,1],
[0,0,1],
[0,0,1],
[0,0,1],
[0,0,1],
[0,0,1],
[0,0,1],
[0,0,1],
[0,0,1],
[0,0,1],
[0,0,1],
[0,0,1],
[0,0,1],
[0,0,1],
[0,0,1],
[0,0,1],
[0,0,1],
[0,0,1],
[0,0,1],
[0,0,1],
[0,0,1],
[0,0,1],
[0,0,1],
[0,0,1],
[0,0,1],
[0,0,1],
[0,0,1],
[0,0,1],
[0,0,1],
[0,0,1],
[0,0,1],
[0,0,1],
[0,0,1],
[0,0,1],
[0,0,1],
[0,0,1],
[0,0,1],
[0,0,1],
[0,0,1],
[0,0,1],
[0,0,1],
[0,0,1],
[0,0,1],
[0,0,1],
[0,0,1],
[0,0,1],
[0,0,1],
[0,0,1],
[0,0,1],
[0,0,1],
[0,0,1],
[0,0,1],
[0,0,1],
[0,0,1],
[0,0,1],
[0,0,1],
[0,0,1],
[0,0,1],
[0,0,1],
[0,0,1],
[0,0,1],
[0,0,1],
[0,0,1],
[0,0,1],
[0,0,1],
[0,0,1],
[0,0,1],
[0,0,1],
[0,0,1],
[0,0,1],
[0,0,1],
[0,0,1],
[0,0,1],
[0,0,1],
[0,0,1],
[0,0,1],
[0,0,1],
[0,0,1],
[0,0,1],
[0,0,1],
[0,0,1],
[0,0,1],
[0,0,1],
[0,0,1],
[0,0,1],
[0,0,1],
[0,0,1],
[0,0,1],
[0,0,1],
[0,0,1],
[0,0,1],
[0,0,1],
[0,0,1],
[0,0,1],
[0,0,1],
[0,0,1],
[0,0,1],
[0,0,1],
[0,0,1],
[0,0,1],
[0,0,1],
[0,0,1],
[0,0,1],
[0,0,1],
[0,0,1],
[0,0,1],
[0,0,1],
[0,0,1],
[0,0,1],
[0,0,1],
[0,0,1],
[0,0,1],
[0,0,1],
[0,0,1],
[0,0,1],
[0,0,1],
[0,0,1],
[0,0,1],
[0,0,1],
[0,0,1],
[0,0,1],
[0,0,1],
[0,0,1],
[0,0,1],
[0,0,1],
[0,0,1],
[0,0,1],
[0,0,1],
[0,0,1],
[0,0,1],
[0,0,1],
[0,0,1],
[0,0,1],
[0,0,1],
[0,0,1],
[0,0,1],
[0,0,1],
[0,0,1],
[0,0,1],
[0,0,1],
[0,0,1],
[0,0,1],
[0,0,1],
[0,0,1],
[0,0,1],
[0,0,1],
[0,0,1],
[0,0,1],
[0,0,1],
[0,0,1],
[0,0,1],
[0,0,1],
[0,0,1],
[0,0,1],
[0,0,1],
[0,0,1],
[0,0,1]]

shuchu=[]
#每种分类的正确分类和错误分类数和分类错误的
result=[[0,0,0],[0,0,0],[0,0,0],[0,0,0],[0,0,0]]
for i in a:
    l=[0]*5
    l[i.index(max(i))]=1
    shuchu.append(l)

for i in range(len(shuchu)):
    if shuchu[i]!=b[i]:#分类错误，则该类对应的错误数加1
        result[b[i].index(max(b[i]))][1]+=1
        result[shuchu[i].index(max(shuchu[i]))][2]+=1
    else:#分类正确，则该类对应的正确数加1
        result[b[i].index(max(b[i]))][0]+=1
        
print result
for i in result:
    print float(i[0])/float((i[0]+i[1]))#,float(i[0])/float((i[0]+i[2]))
#for i in range(len(shuchu)):
#    if shuchu[i][1]==1:
#        print shuchu[i]

print 'end'