# -*- coding: utf-8 -*-
a=[
[0.39143436,0.12822414,0.09908684,0.23964333,0.14161133],
[0.39367998,0.11910292,0.09011359,0.17614591,0.22095759],
[0.27394354,0.13907767,0.10688189,0.32908652,0.15101038],
[0.70846937,0.07570095,0.05889847,0.09387127,0.06305994],
[0.5952794,0.09795271,0.07639207,0.14232668,0.08804913],
[0.3165735,0.12657356,0.09503666,0.21231272,0.24950356],
[0.37837913,0.12774466,0.09713065,0.2518455,0.14490005],
[0.35612387,0.12533379,0.09577206,0.19484823,0.22792205],
[0.6698265,0.08380573,0.0652183,0.11594882,0.06520066],
[0.28894774,0.13517776,0.1024697,0.27655247,0.19685232],
[0.69655513,0.07832348,0.06088408,0.10396335,0.06027396],
[0.33896679,0.13178001,0.10030756,0.25988961,0.16905602],
[0.55846603,0.09513742,0.07265244,0.10689735,0.16684675],
[0.39860328,0.12205738,0.09277855,0.19442617,0.19213462],
[0.41016683,0.12408757,0.09508907,0.21502031,0.15563622],
[0.36413624,0.11753153,0.08898487,0.16072113,0.26862623],
[0.58876084,0.09202558,0.07045773,0.10403485,0.144721,],
[0.40932895,0.12500699,0.09580225,0.25510822,0.11475358],
[0.36832994,0.11890365,0.0899992,0.16830878,0.25445844],
[0.4244609,0.1162079,0.08805871,0.16795899,0.2033135,],
[0.6604615,0.08059582,0.06166684,0.08736877,0.10990707],
[0.68566988,0.07573528,0.05822665,0.07709338,0.10327482],
[0.5743988,0.08578558,0.06505049,0.08141519,0.19334994],
[0.53895795,0.10660834,0.08222159,0.16745046,0.10476166],
[0.57728454,0.09714329,0.07464142,0.12329891,0.12763184],
[0.38373614,0.12662513,0.09594783,0.24836464,0.14532626],
[0.64532534,0.08831632,0.06851581,0.12490522,0.07293731],
[0.58750037,0.09457558,0.07250615,0.11591591,0.12950199],
[0.7323803,0.07078859,0.0549325,0.09443297,0.04746564],
[0.58832701,0.09857783,0.07618795,0.15228552,0.08462169],
[0.45647747,0.11969876,0.09295346,0.19679916,0.13407115],
[0.6029938,0.09663567,0.07547446,0.15850647,0.0663896,],
[0.44741666,0.10505417,0.07926491,0.12365512,0.24460913],
[0.55689325,0.10247014,0.07886161,0.14551197,0.11626303],
[0.23433731,0.1377765,0.10401857,0.30399749,0.21987013],
[0.6229841,0.09015529,0.06931688,0.11369457,0.10384917],
[0.35406839,0.13063797,0.09945917,0.26726289,0.14857158],
[0.55448726,0.10374816,0.07997625,0.15592104,0.10586729],
[0.54790891,0.10427226,0.08021279,0.15338018,0.11422587],
[0.47768782,0.10218387,0.07717943,0.11802652,0.22492236],
[0.51917238,0.11024755,0.08534222,0.19877758,0.08646027],
[0.52452867,0.10214293,0.07819185,0.1243206,0.17081594],
[0.57903312,0.09955707,0.07673644,0.14583878,0.09883459],
[0.41111844,0.11987086,0.09123276,0.18255513,0.1952228,],
[0.39574394,0.12233279,0.09305786,0.19413955,0.19472585],
[0.37687161,0.11901489,0.09039914,0.16785367,0.24586069],
[0.41976402,0.11007454,0.08371381,0.13416039,0.25228725],
[0.61413492,0.09166586,0.07047125,0.11636009,0.10736789],
[0.67489203,0.07696192,0.05906839,0.07734816,0.1117295,],
[0.56611812,0.09956901,0.07649309,0.13139705,0.12642274],
[0.26578096,0.13774394,0.10454697,0.34165305,0.15027509],
[0.42056721,0.12267137,0.09335405,0.23000491,0.13340246],
[0.44905568,0.10835147,0.08180862,0.1372551,0.22352913],
[0.79809067,0.05624122,0.04396015,0.0596254,0.04208256],
[0.59355023,0.09581088,0.07344786,0.13109855,0.10609248],
[0.26565519,0.13698005,0.10332485,0.32347491,0.17056499],
[0.39370938,0.12358765,0.09438511,0.19896921,0.18934865],
[0.42008236,0.12346123,0.09450259,0.22915875,0.13279507],
[0.81437291,0.05267133,0.04116853,0.0586601,0.03312713],
[0.42723213,0.11679937,0.08869558,0.17095769,0.19631523],
[0.56111789,0.09728961,0.07442411,0.11686809,0.15030029],
[0.57142036,0.09670962,0.0739461,0.11983911,0.13808481],
[0.42109804,0.12466258,0.09646973,0.22686482,0.13090484],
[0.5727729,0.10042762,0.07732342,0.14686575,0.1026103,],
[0.47231942,0.09926029,0.07470163,0.10832536,0.24539329],
[0.30500995,0.1331894,0.10062659,0.26508781,0.19608625],
[0.55835924,0.10319306,0.08026477,0.19589811,0.06228482],
[0.67547331,0.08250662,0.06416819,0.109323,0.06852888],
[0.63946338,0.08963078,0.06966622,0.12971403,0.07152559],
[0.57618884,0.10144224,0.07903585,0.1649606,0.07837248],
[0.51433935,0.10961106,0.08392988,0.17504699,0.11707272],
[0.59041654,0.09717625,0.07476767,0.13782426,0.09981528],
[0.40711109,0.1261215,0.09727185,0.23776067,0.13173489],
[0.48111665,0.11337803,0.08710812,0.16843112,0.14996608],
[0.37476739,0.12966816,0.09980761,0.2747295,0.12102733],
[0.35616275,0.13070641,0.0998719,0.25590969,0.15734925],
[0.52937653,0.10690308,0.08203036,0.15969977,0.12199026],
[0.51418392,0.10901786,0.08418232,0.15536726,0.13724864],
[0.50780302,0.11062377,0.0849409,0.1723752,0.12425712],
[0.36282968,0.12839327,0.09772186,0.23246192,0.17859327],
[0.33295195,0.13126876,0.09982831,0.24523428,0.1907167,],
[0.7419967,0.06624652,0.05123703,0.06597672,0.07454303],
[0.32139905,0.1208146,0.09032771,0.18175233,0.28570631],
[0.43841303,0.08923945,0.0666684,0.0805233,0.32515583],
[0.359527,0.12966326,0.09848471,0.26046464,0.15186039],
[0.3446255,0.13100407,0.09982894,0.24962434,0.17491715],
[0.6488005,0.08733241,0.06766621,0.11865745,0.07754343],
[0.42702371,0.1185261,0.09035272,0.17950797,0.18458951],
[0.73093813,0.07144978,0.05621208,0.10404055,0.03735946],
[0.52266957,0.10845063,0.08280546,0.18604125,0.10003309],
[0.42419077,0.12417617,0.09661715,0.26083629,0.09417961],
[0.55160317,0.10021562,0.07663084,0.12839291,0.14315745],
[0.66860046,0.08137031,0.06275824,0.09366177,0.09360923],
[0.75229123,0.06702053,0.052538,0.08559203,0.04255821],
[0.32731461,0.1160735,0.08742927,0.15471306,0.31446956],
[0.50427251,0.11218438,0.08658821,0.18167196,0.11528293],
[0.67245651,0.07929343,0.06034901,0.09117348,0.09672758],
[0.56314657,0.0958804,0.0737283,0.10849178,0.15875295],
[0.41778401,0.12294755,0.09369183,0.22256916,0.14300746],
[0.40595748,0.11146619,0.08411001,0.14227626,0.25619007],
[0.33171663,0.11808969,0.08847558,0.16748469,0.29423341],
[0.2272546,0.13474489,0.09990186,0.30222198,0.23587667],
[0.61476873,0.09136101,0.06975994,0.1200578,0.10405252],
[0.34817531,0.12459418,0.09417615,0.19878682,0.23426755],
[0.34277151,0.11853203,0.08927753,0.16683015,0.28258878],
[0.71911282,0.06886366,0.0531301,0.06461676,0.09427665],
[0.55741947,0.10162331,0.07810202,0.13925487,0.12360033],
[0.39225408,0.11239411,0.08354367,0.15381648,0.25799166],
[0.59975729,0.09417729,0.07224683,0.12313234,0.11068624],
[0.36845889,0.12927048,0.09882742,0.2450982,0.15834502],
[0.64604161,0.08521225,0.06604195,0.09600771,0.10669648],
[0.66956643,0.08277207,0.06376102,0.10878322,0.07511726],
[0.57808649,0.09591889,0.0732887,0.11989211,0.1328138,],
[0.28373468,0.13596321,0.10331568,0.27977062,0.19721581],
[0.46811584,0.10377115,0.07899428,0.11812444,0.23099429],
[0.63017637,0.09087268,0.07029398,0.12894115,0.07971582],
[0.30851351,0.13416681,0.10213063,0.2655557,0.18963334],
[0.50254035,0.11143751,0.08568402,0.17227449,0.12806362],
[0.38333276,0.12850378,0.0998442,0.29348742,0.09483184],
[0.47811012,0.11565025,0.088962,0.1915458,0.12573181],
[0.44643537,0.10489531,0.07860937,0.12640817,0.24365179],
[0.3384285,0.12224246,0.0914125,0.19211632,0.25580022],
[0.60255513,0.08792742,0.06706248,0.0939301,0.14852487],
[0.81276741,0.05280473,0.04112282,0.05711069,0.03619435],
[0.64399834,0.08919945,0.06973939,0.12684719,0.07021562],
[0.62563004,0.09195543,0.0713208,0.13106326,0.08003047],
[0.16192411,0.12407113,0.09181506,0.23546618,0.38672353],
[0.59870284,0.09402271,0.07249719,0.1170939,0.11768336],
[0.31681495,0.11380477,0.08488943,0.1513785,0.33311236],
[0.67550931,0.08212392,0.06354103,0.10944549,0.06938025],
[0.36045607,0.12591555,0.09552779,0.20927758,0.20882301],
[0.47469402,0.09370316,0.07009054,0.09419733,0.26731494],
[0.44282959,0.11929723,0.0915492,0.19115998,0.15516399],
[0.62390917,0.09207065,0.0715141,0.12538219,0.08712388],
[0.63402198,0.08947114,0.06913248,0.11822282,0.08915158],
[0.43125132,0.11884743,0.09050559,0.18629589,0.17309977],
[0.32627515,0.13237482,0.10045032,0.26199381,0.1789059,],
[0.5931237,0.09784157,0.07570599,0.15710816,0.07622058],
[0.34457324,0.12914051,0.09760528,0.23939258,0.18928839],
[0.47452213,0.11707707,0.09045513,0.20693435,0.11101132],
[0.38085956,0.12738304,0.09722485,0.23354513,0.16098743],
[0.32090021,0.12708213,0.09579815,0.21255574,0.24366377],
[0.66319751,0.07858222,0.06040179,0.07817802,0.11964046],
[0.63022304,0.0886597,0.06837448,0.10759809,0.10514469],
[0.51516138,0.10985305,0.08422442,0.18003489,0.11072625],
[0.39628339,0.1262041,0.09686601,0.22440525,0.15624124],
[0.52225901,0.10902675,0.08390162,0.17407014,0.11074249],
[0.51756248,0.11072904,0.08574926,0.18717256,0.09878666],
[0.79005832,0.0581267,0.0452924,0.06585328,0.04066929],
[0.29365205,0.13516578,0.1024331,0.28277547,0.1859736,],
[0.72487512,0.07053104,0.05460197,0.07521144,0.07478043],
[0.54891951,0.10467151,0.08059125,0.16039613,0.1054216,],
[0.77760676,0.0579944,0.0448553,0.05221774,0.06732579],
[0.40809003,0.11202108,0.08421271,0.14729728,0.2483789,],
[0.70101904,0.07708021,0.05984509,0.09670395,0.06535171],
[0.44278631,0.11180235,0.08453164,0.15103428,0.20984542],
[0.6323518,0.08551914,0.06549355,0.09483762,0.12179789],
[0.31711325,0.13017449,0.09807681,0.23915473,0.21548072],
[0.35412484,0.12938511,0.09801407,0.24923488,0.1692411,],
[0.43935298,0.12090485,0.09268736,0.21284921,0.1342056,],
[0.60063646,0.09251036,0.07107666,0.11120184,0.12457468],
[0.35723081,0.13128924,0.10109104,0.29560288,0.11478603],
[0.35071408,0.1299253,0.0989193,0.24118429,0.17925703],
[0.80159736,0.055633,0.04343617,0.06342847,0.03590501],
[0.77200082,0.06153504,0.04804538,0.063274,0.05514476],
[0.59547054,0.09602481,0.07381574,0.13357478,0.10111414],
[0.32615558,0.13529607,0.1043462,0.28456352,0.14963863],
[0.45458942,0.10907603,0.08270594,0.13918847,0.21444014],
[0.7483857,0.06627101,0.05145502,0.07057512,0.06331314],
[0.19634884,0.11142909,0.08227728,0.16195766,0.44798714],
[0.62215698,0.08959379,0.0684825,0.11289503,0.1068717,],
[0.2578009,0.12891857,0.09685184,0.22320679,0.29322191],
[0.77603786,0.06073145,0.04742192,0.06270016,0.05310862],
[0.56930905,0.09879131,0.07555183,0.13216287,0.12418494],
[0.41587631,0.12554697,0.09725079,0.23751231,0.12381362],
[0.64242567,0.08742168,0.06740105,0.11181428,0.09093732],
[0.45136491,0.12011466,0.0926399,0.21149323,0.1243873,],
[0.49895385,0.10980247,0.08390289,0.15891975,0.14842104],
[0.33223718,0.12937495,0.09796598,0.23005092,0.21037097],
[0.51973359,0.10865043,0.08359789,0.16261878,0.12539931],
[0.38900869,0.11988147,0.09080428,0.17834655,0.22195902],
[0.61037313,0.09265821,0.07132352,0.11927172,0.10637343],
[0.36736639,0.12954916,0.09896467,0.25443249,0.14968728],
[0.47044323,0.0938757,0.07056672,0.09236252,0.27275182],
[0.75295455,0.06656911,0.05190361,0.08209477,0.04647797],
[0.57811647,0.09453948,0.07242816,0.11070751,0.14420839],
[0.4307364,0.11892258,0.09051493,0.1870388,0.17278729],
[0.54538689,0.10220407,0.07798565,0.13914238,0.13528101],
[0.60323065,0.09246351,0.07110733,0.11213046,0.12106805],
[0.56913263,0.09951244,0.07636069,0.13499257,0.12000167],
[0.54406039,0.10358321,0.07953302,0.14328326,0.12954012],
[0.52195503,0.09340449,0.07121946,0.09260743,0.22081358],
[0.23677121,0.13641148,0.10242132,0.29624621,0.22814977],
[0.3430217,0.13190071,0.10068322,0.2618679,0.16252647],
[0.52152471,0.11013754,0.08537403,0.19208262,0.0908811,],
[0.47929702,0.11325822,0.08625521,0.17630222,0.14488733],
[0.61894458,0.09204992,0.07058206,0.13131482,0.08710862],
[0.63130436,0.08858119,0.0682957,0.10826209,0.10355665],
[0.28534642,0.10217936,0.07553823,0.11753703,0.41939896],
[0.52138714,0.10532524,0.08076398,0.13939195,0.15313169],
[0.60682987,0.09477152,0.07290421,0.14150235,0.08399206],
[0.62203625,0.09256898,0.07177042,0.15048538,0.06313897],
[0.55498688,0.09420218,0.07160622,0.10412644,0.17507828],
[0.67464881,0.08258657,0.06425721,0.10742455,0.07108286],
[0.65141727,0.08025393,0.06153315,0.08064608,0.12614957],
[0.46596539,0.11747722,0.09007239,0.21246853,0.11401647],
[0.31361489,0.13109393,0.09899362,0.24364571,0.21265185],
[0.60406176,0.0961845,0.07473395,0.1538104,0.07120939],
[0.61015282,0.09480842,0.073485,0.1391541,0.08239967],
[0.7608178,0.06387555,0.04964432,0.06816332,0.05749901],
[0.54150823,0.10682712,0.08281741,0.16987387,0.09897337],
[0.50599816,0.11108288,0.08548779,0.17193688,0.1254943,],
[0.42483524,0.12157784,0.09290321,0.20438868,0.15629503],
[0.47137296,0.11595097,0.08897582,0.18714906,0.1365512,],
[0.56834022,0.09823518,0.07517251,0.12671844,0.13153365],
[0.44680916,0.12000861,0.0921956,0.20592234,0.1350643,],
[0.74972668,0.06719155,0.05231578,0.08328164,0.04748435],
[0.61903628,0.08807939,0.06709961,0.1030455,0.12273921],
[0.43109933,0.12075815,0.09207308,0.20584391,0.15022552],
[0.22679465,0.09996031,0.0728686,0.12307656,0.47729988],
[0.55081482,0.09885247,0.07583013,0.11834071,0.15616188],
[0.67074476,0.08315446,0.06447537,0.11076703,0.07085838],
[0.31738385,0.13387553,0.10182054,0.27553108,0.171389,],
[0.55050027,0.09948166,0.07558104,0.12778584,0.14665119],
[0.6508174,0.08608781,0.06662205,0.107968,0.08850473],
[0.43775686,0.12216843,0.09426183,0.22530192,0.12051096],
[0.81664401,0.05148884,0.04004908,0.05147321,0.04034486],
[0.49949488,0.10678151,0.0816209,0.13840982,0.17369289],
[0.30901077,0.13422075,0.10229082,0.26401151,0.19046615],
[0.30428688,0.13286904,0.10042723,0.25870322,0.20371363],
[0.4132064,0.12372724,0.09464754,0.2182522,0.15016662],
[0.25359524,0.13864372,0.10533479,0.31558046,0.18684579],
[0.22859712,0.14057435,0.10721009,0.33569736,0.18792107],
[0.2769156,0.1364641,0.10369803,0.28331314,0.19960912],
[0.26959857,0.13752982,0.10477469,0.29087621,0.19722071],
[0.26074937,0.13640926,0.10272419,0.29889104,0.20122614],
[0.1493869,0.13226336,0.09818646,0.30560708,0.3145562,],
[0.29350996,0.1358993,0.10334927,0.28865852,0.17858295],
[0.26190331,0.13467125,0.10160146,0.26685074,0.23497325],
[0.21882586,0.13288536,0.09950294,0.26215272,0.28663312],
[0.23253707,0.14031792,0.10696843,0.35502572,0.16515086],
[0.32180878,0.13401227,0.102183,0.28049825,0.16149771],
[0.24761408,0.13555027,0.1022466,0.27517445,0.2394146,],
[0.15594401,0.12143932,0.09035374,0.21777126,0.41449167],
[0.27432494,0.13801024,0.10522286,0.31755354,0.16488843],
[0.32836951,0.1304734,0.09997648,0.22165079,0.21952982],
[0.18328444,0.09690935,0.0713873,0.11713953,0.53127939],
[0.28035006,0.13722819,0.10478253,0.28743802,0.1902012,],
[0.21359094,0.1379329,0.10418963,0.30334417,0.24094236],
[0.25253116,0.13784681,0.10451396,0.36541799,0.13969008],
[0.17400104,0.12674463,0.09427231,0.24042727,0.36455475],
[0.24450819,0.13443999,0.10152515,0.26083298,0.2586937,],
[0.22715427,0.13863908,0.10462257,0.32345926,0.20612483],
[0.24664026,0.1387241,0.10533368,0.31198684,0.19731513],
[0.19833322,0.14271964,0.11047747,0.40359795,0.14487172],
[0.21921395,0.13819034,0.10500446,0.29243661,0.24515464],
[0.24723636,0.1379348,0.10445915,0.30270454,0.20766514],
[0.20178835,0.13749338,0.10390367,0.29845914,0.25835546],
[0.23021758,0.14085585,0.10763517,0.35039047,0.17090093],
[0.19772172,0.1404879,0.10697895,0.40342994,0.1513815,],
[0.1955394,0.1355307,0.1018545,0.28828797,0.27878744],
[0.26430483,0.13973591,0.10749044,0.30474365,0.18372517],
[0.19971663,0.13968887,0.10542093,0.34821884,0.20695473],
[0.08851162,0.10620882,0.07775308,0.2044117,0.52311478],
[0.21238756,0.13083545,0.09795739,0.2469571,0.3118625,],
[0.28849908,0.1298545,0.09829014,0.22245987,0.26089641],
[0.25813521,0.13330111,0.10069688,0.25016652,0.25770028],
[0.20444277,0.1351344,0.10160653,0.28026659,0.27854972],
[0.2799065,0.12417301,0.0933074,0.19403127,0.30858182],
[0.22345868,0.1366816,0.10290581,0.29238821,0.24456571],
[0.20308557,0.12102276,0.08948595,0.20231727,0.38408845],
[0.23045408,0.14022976,0.10804286,0.39524653,0.12602677],
[0.22528246,0.13834351,0.1043889,0.31480517,0.21717996],
[0.17312622,0.12792856,0.0958062,0.24099908,0.36213995],
[0.18900853,0.13968183,0.10570455,0.41021452,0.15539056],
[0.20534717,0.14054635,0.1067043,0.37825904,0.16914314],
[0.23064957,0.13853656,0.10573783,0.28698352,0.23809252],
[0.24252829,0.13517908,0.10198839,0.27000608,0.25029817],
[0.24848104,0.1385152,0.10583565,0.37908527,0.12808283],
[0.16508754,0.14128787,0.10832279,0.43030177,0.15500002],
[0.23482763,0.13730402,0.1039177,0.28945082,0.23449982],
[0.17563061,0.13359945,0.09955249,0.29275648,0.29846097],
[0.20699445,0.14082652,0.10704161,0.35517519,0.18996223],
[0.24836748,0.13519085,0.10204172,0.26987191,0.24452804],
[0.2809122,0.13572603,0.10281229,0.28208107,0.19846841],
[0.30744411,0.13537629,0.10387528,0.26479203,0.18851228],
[0.27288807,0.13617243,0.10395068,0.2655478,0.22144102],
[0.16736438,0.13416901,0.10056167,0.2937884,0.30411655],
[0.28065214,0.13805433,0.10593521,0.28978664,0.18557167],
[0.10236974,0.0780134,0.05652201,0.09421375,0.66888111],
[0.25173941,0.13971957,0.10674569,0.33208843,0.1697069,],
[0.19223933,0.13367699,0.10002986,0.27817379,0.29588003],
[0.25835324,0.13563428,0.10238279,0.27718102,0.22644867],
[0.2662186,0.1361877,0.10338014,0.27503105,0.2191825,],
[0.24390936,0.13357364,0.10077372,0.25428897,0.26745431],
[0.30366926,0.13269987,0.10013737,0.25967972,0.20381378],
[0.17565856,0.1274134,0.09497464,0.24178929,0.36016412],
[0.19752931,0.13650519,0.10221145,0.3074553,0.25629876],
[0.21353411,0.13573797,0.10206202,0.28463694,0.26402897],
[0.25175242,0.14007863,0.10732997,0.31837955,0.18245943],
[0.1821443,0.13901564,0.10517972,0.42843742,0.14522292],
[0.34235125,0.13188949,0.10126836,0.24284417,0.18164672],
[0.23884356,0.13584126,0.10230027,0.28137382,0.24164108],
[0.20789273,0.13642703,0.10331573,0.28011618,0.27224832],
[0.2026129,0.13970505,0.10559387,0.33953329,0.21255489],
[0.3814663,0.12955584,0.10018647,0.26656192,0.12222947],
[0.27899514,0.13411167,0.101715,0.25536128,0.22981691],
[0.09130966,0.09653334,0.06979117,0.16486482,0.57750101],
[0.14088644,0.13538889,0.1019161,0.48887232,0.13293625],
[0.31011052,0.13081861,0.09894151,0.2364336,0.22369576],
[0.17975258,0.14052473,0.10640406,0.37134266,0.20197597],
[0.22708548,0.13770284,0.1039279,0.30200439,0.2292794,],
[0.23670838,0.14015735,0.10680528,0.34361034,0.17271865],
[0.24495848,0.13894055,0.10549599,0.31761253,0.19299245],
[0.21317687,0.13851708,0.10556763,0.29106286,0.25167556],
[0.19929556,0.13767107,0.10350877,0.3141254,0.2453992,],
[0.23717052,0.13825079,0.10463425,0.30627769,0.21366675],
[0.24007936,0.13318028,0.10022046,0.25461054,0.27190935],
[0.248166,0.1385817,0.10521523,0.30977247,0.19826459],
[0.28672091,0.13494999,0.10287806,0.25875073,0.21670031],
[0.2593843,0.13664246,0.10351286,0.2841395,0.21632087],
[0.23078484,0.13419122,0.10095874,0.26494604,0.26911916],
[0.26046471,0.13959335,0.10693083,0.31938391,0.1736272,],
[0.28069209,0.13600468,0.10364518,0.27045672,0.20920133],
[0.24439082,0.13539627,0.10203757,0.27481475,0.2433606,],
[0.24661823,0.13634185,0.10299842,0.28211003,0.23193147],
[0.22590585,0.13832418,0.10456444,0.30823193,0.2229736,],
[0.20502813,0.13260566,0.09965215,0.25792434,0.30478972],
[0.17458884,0.14107027,0.10802492,0.42652536,0.14979061],
[0.25129229,0.13818475,0.10480067,0.30633802,0.19938427],
[0.24075307,0.13497176,0.10208993,0.26343562,0.25874962],
[0.2024331,0.13335373,0.10028559,0.26406292,0.29986466],
[0.24554259,0.13774035,0.10438133,0.29580047,0.21653527],
[0.34697046,0.12651826,0.0957179,0.21200329,0.21879009],
[0.26395155,0.13708771,0.10405125,0.28891421,0.20599527],
[0.2943728,0.13115055,0.09941892,0.23168917,0.24336857],
[0.25937372,0.13608734,0.10260041,0.28758946,0.21434908],
[0.33640151,0.12994335,0.09833565,0.2410017,0.1943178,],
[0.16522995,0.14759689,0.1171421,0.39887085,0.17116022],
[0.18982698,0.14228478,0.10895824,0.3714236,0.1875064,],
[0.22097157,0.13954201,0.10741343,0.2820044,0.25006859],
[0.23250149,0.1416961,0.10940407,0.30992117,0.20647717],
[0.19078046,0.12796502,0.09540679,0.23914296,0.34670476],
[0.18389254,0.1411166,0.10758409,0.40483633,0.16257045],
[0.32266802,0.13388024,0.10245881,0.26259937,0.17839356],
[0.21360371,0.14244881,0.11063349,0.3991278,0.13418619],
[0.22042915,0.14546572,0.11499012,0.30424062,0.21487439],
[0.26869231,0.1446355,0.11603681,0.27099443,0.19964095],
[0.21282724,0.12079104,0.09134085,0.18091226,0.39412861],
[0.20877083,0.143875,0.11158549,0.35748033,0.17828835],
[0.30447586,0.13301677,0.10279959,0.22390757,0.23580021],
[0.28759235,0.14159109,0.11146687,0.3033897,0.15595999],
[0.13296135,0.13485012,0.101331,0.49365096,0.13720656],
[0.23115231,0.14172744,0.10938924,0.3115723,0.20615872],
[0.21413927,0.14791651,0.11806728,0.36101427,0.15886267],
[0.25307428,0.13995596,0.1073545,0.35121957,0.14839569],
[0.32270482,0.13177358,0.10180534,0.21963674,0.22407952],
[0.20084974,0.14225186,0.10942093,0.39178956,0.15568791],
[0.2306185,0.14502525,0.11444303,0.36762104,0.14229219],
[0.19149339,0.13799703,0.10502791,0.44480372,0.12067795],
[0.26596764,0.13703302,0.1048632,0.26991456,0.22222158],
[0.18810369,0.14194923,0.10845496,0.36938066,0.19211146],
[0.22167433,0.14244452,0.11089026,0.29586023,0.22913067],
[0.14826869,0.12321964,0.09294709,0.21911302,0.41645156],
[0.24456426,0.14126427,0.10904364,0.30869163,0.1964362,],
[0.26472669,0.13708666,0.1040329,0.29001255,0.2041412,],
[0.11793877,0.10751868,0.0786019,0.18594906,0.50999159],
[0.23753732,0.13978388,0.1066797,0.31188175,0.20411734],
[0.23032559,0.14128668,0.10851103,0.32074702,0.19912969],
[0.11411572,0.13665568,0.10287714,0.41210618,0.23424529],
[0.23859279,0.14571132,0.11560452,0.30613642,0.19395496],
[0.24297824,0.13860145,0.10520706,0.30730552,0.20590773],
[0.22243933,0.14161262,0.10880193,0.32375884,0.20338727],
[0.34800809,0.13275127,0.10303912,0.23874522,0.17745631],
[0.24424619,0.14425163,0.11329963,0.32146659,0.17673596],
[0.23892202,0.1362697,0.10594303,0.23555793,0.28330732],
[0.23691199,0.14194677,0.10979824,0.31174074,0.19960225],
[0.32899145,0.1358234,0.10549301,0.27169909,0.15799305],
[0.18854787,0.1424882,0.10926261,0.36337298,0.19632835],
[0.24255523,0.13996145,0.10681052,0.32412808,0.18654472],
[0.22469668,0.14527797,0.11433677,0.31942324,0.19626534],
[0.24150852,0.14194261,0.10988399,0.31323295,0.19343192],
[0.25544935,0.14037307,0.10798255,0.31194866,0.18424636],
[0.21390254,0.14505884,0.11367651,0.36898976,0.15837235],
[0.26176228,0.14086467,0.10926583,0.3481064,0.14000083],
[0.20657158,0.14616738,0.11537026,0.37845689,0.15343389],
[0.13475104,0.141329,0.10942553,0.34818701,0.26630743],
[0.30323305,0.1337426,0.1026671,0.2402425,0.22011476],
[0.19168594,0.14165247,0.10804978,0.36711344,0.19149838],
[0.286371,0.13959996,0.10837493,0.29593522,0.16971888],
[0.2423877,0.13697409,0.10375213,0.28418653,0.23269956],
[0.24380436,0.14194887,0.10985948,0.31767987,0.18670741],
[0.23359224,0.14514292,0.11426599,0.32525093,0.18174793],
[0.3509097,0.12563773,0.09617889,0.19354206,0.23373162],
[0.18435704,0.13421795,0.10193152,0.26399697,0.31549652],
[0.24402299,0.13874739,0.10578654,0.29578581,0.21565727],
[0.28818886,0.1415127,0.1115969,0.32214815,0.1365534,],
[0.21861803,0.14007819,0.10659344,0.32183784,0.2128725,],
[0.17354392,0.14352349,0.11234766,0.43657783,0.1340071,],
[0.25222403,0.14245243,0.11090781,0.31689941,0.17751633],
[0.10562319,0.11109025,0.08279765,0.19809103,0.50239787],
[0.25453408,0.13902362,0.10625451,0.29998411,0.20020367],
[0.47108802,0.11674975,0.0895256,0.21291651,0.10972011],
[0.18072444,0.1363216,0.10538836,0.48425481,0.09331079],
[0.20002582,0.13906623,0.1051072,0.40878356,0.14701718],
[0.21903468,0.13964498,0.10568591,0.33648476,0.19914967],
[0.16362623,0.13817555,0.10377645,0.43493174,0.15949004],
[0.34301379,0.12987524,0.09865293,0.2375908,0.19086724],
[0.10360805,0.12683248,0.092418,0.34656794,0.33057352],
[0.20260638,0.13890466,0.10422114,0.36296554,0.19130228],
[0.19120769,0.14159254,0.10838387,0.40129964,0.15751626],
[0.19731897,0.1417023,0.1086698,0.39837884,0.15393009],
[0.18843454,0.14042768,0.10648653,0.39803075,0.1666205,],
[0.2402249,0.13954295,0.1061549,0.35672856,0.1573487,],
[0.25823257,0.13931617,0.10647851,0.31548676,0.180486,],
[0.1316728,0.13387342,0.0991314,0.3562938,0.27902859],
[0.24770949,0.13896544,0.10567137,0.35660825,0.15104545],
[0.24609226,0.1389615,0.10545881,0.32387307,0.18561437],
[0.11942976,0.12426743,0.09379956,0.58568213,0.07682112],
[0.11172716,0.08391763,0.06059985,0.10842376,0.63533161],
[0.11754182,0.13502128,0.10034506,0.43026504,0.2168268,],
[0.1745146,0.13934178,0.10524613,0.42220231,0.15869518],
[0.24978531,0.1375793,0.10352075,0.33356857,0.17554607],
[0.27809833,0.13599057,0.10291287,0.28795588,0.19504236],
[0.16570572,0.13461278,0.10016854,0.31386197,0.28565098],
[0.17517047,0.1383596,0.10385656,0.42373707,0.1588763,],
[0.28550147,0.13842271,0.10713361,0.27459888,0.19434332],
[0.22566653,0.14024852,0.10771308,0.39510878,0.13126309],
[0.19647639,0.13922432,0.10522808,0.40915144,0.14991977],
[0.23980485,0.13860149,0.10498489,0.31315448,0.20345429],
[0.19574099,0.13961306,0.10574669,0.4080356,0.15086366],
[0.2292421,0.14115852,0.10824949,0.3653219,0.15602799],
[0.21680447,0.13737518,0.10278306,0.32303024,0.22000706],
[0.14422406,0.13717698,0.10220052,0.41555509,0.20084336],
[0.19362263,0.13271961,0.09771339,0.29751907,0.27842529],
[0.22647487,0.13941333,0.10547707,0.36170575,0.16692898],
[0.23988642,0.13887068,0.10518319,0.32320696,0.19285275],
[0.17475399,0.13771612,0.10296195,0.34651674,0.23805119],
[0.28529783,0.13582504,0.10259312,0.31145716,0.16482686],
[0.10890176,0.13076866,0.0980976,0.53596857,0.12626343],
[0.23869251,0.13881581,0.10700796,0.40284003,0.11264369],
[0.14678241,0.13758344,0.10334579,0.45020608,0.16208227],
[0.27014277,0.1389095,0.10828987,0.37461428,0.10804358],
[0.1076541,0.12955021,0.09477015,0.36876501,0.29926052],
[0.17914772,0.13465311,0.10226674,0.48333972,0.1005927,],
[0.3195989,0.11253975,0.08340255,0.15044019,0.33401862],
[0.23684936,0.13937461,0.10607965,0.37186231,0.14583408],
[0.19619606,0.1406628,0.10726464,0.40541984,0.15045665],
[0.14677481,0.13460768,0.09958676,0.34843975,0.270591,],
[0.17621191,0.1344734,0.09993609,0.30760955,0.28176905],
[0.17165381,0.1390334,0.10473784,0.42187378,0.16270116],
[0.24126225,0.13860762,0.10505467,0.31189485,0.20318061],
[0.07662477,0.1258781,0.09251169,0.52754619,0.17743925],
[0.2111133,0.13980982,0.10600188,0.3879919,0.15508309],
[0.13413069,0.1194228,0.08680031,0.24369521,0.415951,],
[0.14615419,0.1342807,0.09935739,0.34307098,0.27713674],
[0.22246411,0.13693753,0.1029384,0.29992056,0.2377394,],
[0.05695647,0.11829421,0.08669383,0.5853473,0.15270818],
[0.29026884,0.13615852,0.10413656,0.34709002,0.12234607],
[0.27482965,0.13641794,0.10403546,0.27186497,0.21285197],
[0.39908325,0.12646227,0.09723916,0.23223156,0.14498377],
[0.27853247,0.13713367,0.10438151,0.33839347,0.14155887],
[0.11332765,0.13281425,0.09852164,0.49042941,0.16490705],
[0.17937261,0.13901815,0.10426283,0.39121565,0.18613076],
[0.1214003,0.13400698,0.09903853,0.39302513,0.25252906],
[0.1667812,0.13368192,0.10168859,0.50159197,0.09625632],
[0.2410476,0.11513471,0.08573289,0.16261172,0.39547308],
[0.22216023,0.14002625,0.1062378,0.34178991,0.18978581],
[0.20545725,0.13965204,0.10577445,0.39614129,0.15297496],
[0.17077461,0.13781006,0.10469543,0.46046545,0.12625446],
[0.20226456,0.13999037,0.10575093,0.36857429,0.18341985],
[0.16849777,0.13982623,0.10559672,0.40965434,0.17642494],
[0.1147232,0.13349492,0.09905102,0.47851882,0.17421205],
[0.20515825,0.13995955,0.1057499,0.36800302,0.18112927],
[0.05428158,0.09697808,0.06908034,0.22920846,0.55045154],
[0.12982887,0.13290116,0.100057,0.51815345,0.11905952],
[0.33177043,0.13256963,0.10096023,0.2644933,0.17020642],
[0.25816869,0.13692041,0.10367086,0.29004162,0.21119842],
[0.26783633,0.1364613,0.10385247,0.37216052,0.11968938],
[0.26631308,0.13763525,0.10434108,0.31383768,0.17787291],
[0.23866098,0.13839091,0.10480225,0.30840114,0.20974472],
[0.1757262,0.1359529,0.10013034,0.36834086,0.21984969],
[0.129922,0.12594483,0.09220163,0.28768267,0.36424887],
[0.25720518,0.1356817,0.10237161,0.27848797,0.22625355],
[0.22454696,0.12330502,0.09124452,0.20905808,0.35184542],
[0.17660627,0.13683311,0.10456267,0.47314118,0.10885677],
[0.24362594,0.1387073,0.10508907,0.35817461,0.15440308],
[0.18708359,0.13810628,0.10368813,0.33105412,0.24006789],
[0.14937242,0.13845183,0.1040952,0.43088411,0.17719644],
[0.21729976,0.14005632,0.10627079,0.3739469,0.16242624],
[0.18169602,0.1438515,0.11210438,0.41593975,0.14640834],
[0.27602539,0.12856129,0.09702073,0.21597308,0.28241951],
[0.25096769,0.1384659,0.10507451,0.35607846,0.14941344],
[0.14056843,0.13947392,0.10674052,0.46342252,0.14979461],
[0.27721044,0.14041083,0.10903448,0.32078517,0.15255908],
[0.28786683,0.12925688,0.09752047,0.2217998,0.26355602],
[0.15849123,0.12960332,0.09832129,0.53268475,0.0808994,],
[0.22150633,0.14125127,0.10797671,0.35099571,0.17826997],
[0.12173923,0.12443085,0.09549919,0.59118187,0.06714885],
[0.15654236,0.13786655,0.10302857,0.42328051,0.17928201],
[0.55496941,0.10401224,0.08029163,0.15993725,0.10078947],
[0.12822572,0.1345894,0.09965906,0.46053981,0.17698601],
[0.16121587,0.13458178,0.10271478,0.50146706,0.10002051],
[0.29530183,0.1361552,0.10380936,0.28851335,0.17622026],
[0.20968228,0.13388462,0.1020478,0.46487308,0.08951223],
[0.11872034,0.13411933,0.09919029,0.45126168,0.19670836],
[0.28749344,0.13759688,0.10541758,0.29863234,0.17085975],
[0.21583422,0.13991232,0.10625819,0.38477537,0.1532199,],
[0.15555736,0.1315733,0.09983064,0.52235216,0.09068654],
[0.23310402,0.14011409,0.10818555,0.39696494,0.12163139],
[0.18576026,0.12231119,0.09127362,0.20655094,0.39410398],
[0.27104861,0.13673068,0.10359182,0.29345175,0.19517715],
[0.20664903,0.1405874,0.10672186,0.36811171,0.17793,],
[0.19561539,0.13851467,0.10498913,0.42813352,0.13274729],
[0.07441329,0.12474528,0.09173168,0.54383577,0.16527398],
[0.1120124,0.13190882,0.09667,0.40688467,0.2525241,],
[0.18431693,0.13595906,0.10223837,0.29729298,0.28019265],
[0.20984705,0.13999034,0.10675102,0.40321636,0.14019524],
[0.15979619,0.13891731,0.10575025,0.45607055,0.13946569],
[0.1454267,0.13239155,0.10143087,0.53030798,0.0904429,],
[0.21490139,0.12973944,0.09612072,0.2517877,0.30745075],
[0.25426121,0.13996083,0.10721831,0.32189712,0.17666253],
[0.19529926,0.13770594,0.10318721,0.32623288,0.23757472],
[0.14998508,0.13703601,0.10187259,0.39087851,0.22022781],
[0.25331201,0.13938902,0.10630377,0.33318193,0.16781327],
[0.08082038,0.1267036,0.09357594,0.53614875,0.16275135],
[0.3179397,0.13509304,0.10353032,0.28302143,0.16041551],
[0.25445835,0.13465404,0.10183956,0.26113952,0.24790854],
[0.24040825,0.13770562,0.10409904,0.30045549,0.2173316,],
[0.4885517,0.11392655,0.08776913,0.22802029,0.08173233],
[0.21432102,0.13694829,0.10283565,0.30320348,0.24269156],
[0.03867839,0.04820349,0.03362068,0.05860362,0.82089382],
[0.18248352,0.14030398,0.1061876,0.39684763,0.17417727],
[0.26563856,0.13773639,0.10440583,0.33026688,0.16195235],
[0.17597865,0.13743943,0.10269119,0.34030712,0.24358362],
[0.23230262,0.13938369,0.10555256,0.33882012,0.18394101],
[0.16127115,0.13338424,0.09859146,0.31641015,0.290343,],
[0.335336,0.13236282,0.10158523,0.32268,0.10803596],
[0.22397881,0.13897053,0.10483948,0.33393386,0.19827732],
[0.37354533,0.1288931,0.09877647,0.28674084,0.11204426],
[0.20086224,0.13328317,0.10211729,0.48066303,0.08307428],
[0.17526087,0.13816887,0.10325587,0.35985403,0.22346036],
[0.25504755,0.13682792,0.10423205,0.38762731,0.11626517],
[0.16987772,0.13890123,0.10459272,0.42438945,0.16223887],
[0.19439755,0.14024192,0.10609471,0.38362783,0.17563799],
[0.25426273,0.1355051,0.10230024,0.27414574,0.23378619],
[0.10391998,0.12260584,0.08961548,0.29460493,0.38925377],
[0.20472744,0.13703178,0.10260531,0.31383786,0.2417976,],
[0.28837702,0.13632953,0.10387002,0.28448259,0.18694084],
[0.08010661,0.12752646,0.09340716,0.4674556,0.23150417],
[0.08506453,0.12885691,0.09491768,0.49274142,0.19841946],
[0.17542902,0.13864122,0.10479032,0.43712153,0.14401792],
[0.22738418,0.12540162,0.09345375,0.21327426,0.3404862,],
[0.24238882,0.14074884,0.10797143,0.34905666,0.15983425],
[0.26444206,0.13799586,0.10494582,0.34600804,0.14660822],
[0.33165734,0.13018491,0.09855033,0.23932606,0.20028136],
[0.22257275,0.14133515,0.10812174,0.35138356,0.17658681],
[0.14022941,0.13172827,0.09698678,0.32570025,0.30535528],
[0.18602537,0.13688261,0.10375824,0.45587347,0.11746031],
[0.16404155,0.13789519,0.10492201,0.46580046,0.12734079],
[0.24589452,0.12210519,0.09167272,0.18674474,0.35358283],
[0.22950332,0.13900508,0.10501373,0.33175564,0.19472223],
[0.12265142,0.13700691,0.10282866,0.42484101,0.212672,],
[0.18519613,0.13341567,0.10112033,0.48594502,0.09432285],
[0.20782464,0.13878333,0.10446579,0.33204727,0.21687897],
[0.09050577,0.07935482,0.05730166,0.1045953,0.66824245],
[0.222208,0.13961248,0.10564096,0.34069859,0.19183997],
[0.20132653,0.14035475,0.10635461,0.38061578,0.17134834],
[0.24296312,0.13741839,0.10314379,0.32615467,0.19032002],
[0.23580704,0.13968912,0.10645563,0.36990449,0.14814372],
[0.24129525,0.13657432,0.10234135,0.30752773,0.21226135],
[0.13613531,0.13300676,0.09863273,0.33174,0.30048519],
[0.13917396,0.12625411,0.09268725,0.276749,0.36513567],
[0.14833053,0.14004852,0.10656929,0.43658121,0.16847046],
[0.24493478,0.13737581,0.10372702,0.37660695,0.13735544],
[0.18229292,0.14103656,0.10719872,0.3625542,0.2069176,],
[0.0710482,0.12408547,0.09071083,0.52898938,0.18516612],
[0.08824358,0.12828045,0.09415884,0.50707986,0.18223728],
[0.21104098,0.1398759,0.10603882,0.38530523,0.15773907],
[0.13575771,0.13389373,0.10079085,0.50662572,0.12293199],
[0.3264297,0.13106374,0.09998978,0.23308139,0.2094354,],
[0.3533443,0.12751646,0.09838099,0.34519533,0.07556292],
[0.17284316,0.1390216,0.10439382,0.40602025,0.17772116],
[0.11978389,0.13420267,0.10007708,0.36451321,0.28142316],
[0.23814449,0.13869667,0.10503853,0.31624142,0.20187889],
[0.22399635,0.13865901,0.10500979,0.39256032,0.13977453],
[0.29680163,0.13410917,0.10153306,0.26814331,0.19941282],
[0.29188011,0.13465744,0.10220498,0.26723185,0.20402562],
[0.22205143,0.13754543,0.10378304,0.29987565,0.23674446],
[0.15777578,0.13321465,0.09871387,0.31217539,0.29812031],
[0.18587304,0.14114573,0.107479,0.39631604,0.16918618],
[0.19747848,0.13806926,0.10370606,0.32490224,0.23584396],
[0.12533139,0.12367291,0.0936868,0.58715186,0.07015704],
[0.134397,0.13296111,0.0984703,0.33668791,0.29748369],
[0.28226863,0.13432209,0.10170712,0.26207155,0.21963061],
[0.38441985,0.12286086,0.0932634,0.19525877,0.20419712],
[0.1063575,0.11644906,0.08451738,0.25262965,0.44004639],
[0.3649869,0.12296066,0.09365867,0.18512481,0.23326896],
[0.23027126,0.1389982,0.10506402,0.32869777,0.19696875],
[0.14196043,0.1337765,0.09860094,0.35189623,0.27376591],
[0.23697821,0.13837053,0.10511264,0.38596891,0.13356971],
[0.22359886,0.13888374,0.10463938,0.33953777,0.19334026],
[0.12953128,0.13698254,0.10277644,0.44949595,0.18121378],
[0.11703737,0.13280837,0.1005865,0.528082,0.12148577],
[0.24731119,0.13896377,0.10542831,0.33747372,0.170823,],
[0.15408178,0.13819625,0.10436828,0.452375,0.1509787,],
[0.22856993,0.13888847,0.10488226,0.32839595,0.1992634,],
[0.20630578,0.1313916,0.09817075,0.25584373,0.30828814],
[0.22705229,0.13833898,0.1044208,0.31394626,0.21624167],
[0.19555188,0.13775459,0.10337493,0.32221341,0.24110519],
[0.16759386,0.13819315,0.10442635,0.44812869,0.14165795],
[0.2457622,0.14011632,0.10718556,0.34935456,0.15758136],
[0.22835156,0.13987454,0.10641187,0.37163006,0.15373197],
[0.34777955,0.13234593,0.10166272,0.26135119,0.15686061],
[0.14322699,0.13635049,0.10421705,0.49842169,0.11778379],
[0.19014216,0.13976188,0.10607273,0.41599115,0.14803209],
[0.23593584,0.12784007,0.09573075,0.22167375,0.31881959],
[0.37012375,0.12581432,0.09560871,0.21126745,0.19718577],
[0.34154998,0.12872684,0.09753499,0.22761293,0.20457525],
[0.13685885,0.12392329,0.09077779,0.26349999,0.38494008],
[0.28769961,0.13569964,0.10289457,0.33926896,0.13443722],
[0.16084009,0.13399111,0.09976217,0.30944173,0.2959649,],
[0.18235014,0.13945493,0.10533683,0.41426666,0.15859143],
[0.17511368,0.13926037,0.10459127,0.38643697,0.19459772],
[0.19073795,0.13976091,0.10593689,0.41205812,0.15150613],
[0.270065,0.13689777,0.10350754,0.33989494,0.14963475],
[0.22466929,0.13826753,0.10409378,0.38157898,0.15139041],
[0.21680447,0.13737518,0.10278306,0.32303024,0.22000706],
[0.16348717,0.13871412,0.10605194,0.46393973,0.12780705],
[0.44948568,0.11636717,0.08907097,0.17248741,0.17258877],
[0.18218357,0.1362281,0.10346318,0.46765648,0.11046868],
[0.30477828,0.13552058,0.10324556,0.29966672,0.15678886],
[0.17359572,0.13623013,0.10307052,0.46984841,0.11725521],
[0.39714758,0.11853175,0.08947765,0.17581387,0.21902915],
[0.23335195,0.13979726,0.10680236,0.3795032,0.14054523],
[0.13351775,0.1345209,0.10043425,0.34083503,0.29069206],
[0.18244584,0.13925539,0.10456307,0.37415803,0.19957767],
[0.13867774,0.13741338,0.10267552,0.40841618,0.21281718],
[0.17589486,0.13727507,0.10222503,0.35016352,0.23444153],
[0.3933507,0.11540172,0.0866856,0.16138367,0.24317831],
[0.26420608,0.13862126,0.10563502,0.32360666,0.16793099],
[0.18892533,0.13930901,0.10473803,0.35916297,0.20786465],
[0.16324602,0.13769769,0.10398732,0.45638037,0.1386886,],
[0.12076734,0.13318491,0.09837593,0.37459365,0.27307817],
[0.32772897,0.12969921,0.09839542,0.2283102,0.2158662,],
[0.16488618,0.13784426,0.1037024,0.44539574,0.14817141],
[0.17581865,0.11569236,0.08531441,0.18729545,0.43587913],
[0.15947318,0.13900036,0.10441062,0.40504851,0.19206733],
[0.23283232,0.13796234,0.10414595,0.30733931,0.21772008],
[0.2147757,0.13680982,0.10329562,0.42381771,0.12130116],
[0.21532809,0.13941369,0.10517167,0.36622515,0.1738614,],
[0.32920757,0.10538462,0.0783088,0.12364154,0.36345747],
[0.16158769,0.12954034,0.09757146,0.52619054,0.08510997],
[0.22960281,0.14033359,0.10690792,0.35753669,0.16561899],
[0.17824219,0.13742527,0.10251397,0.34466302,0.23715555],
[0.18366956,0.13707711,0.10491099,0.46709684,0.10724551],
[0.28554331,0.1362558,0.10366496,0.28409461,0.19044132],
[0.19839173,0.1388371,0.10522273,0.42075553,0.13679291],
[0.46467538,0.11744904,0.09034266,0.23758264,0.08995028],
[0.20003763,0.13745173,0.10356452,0.30505908,0.25388704],
[0.12680303,0.13078952,0.09880519,0.54019815,0.1034041,],
[0.15235218,0.1377015,0.10276642,0.38814493,0.21903497],
[0.25966763,0.13974737,0.10712241,0.33037588,0.16308672],
[0.2803166,0.13712223,0.1052303,0.27121696,0.2061139,],
[0.20755317,0.14048742,0.10654923,0.36392011,0.18149007],
[0.28681568,0.13428206,0.10165418,0.26437833,0.21286974],
[0.21203476,0.14082658,0.10734452,0.3794167,0.16037744],
[0.07956348,0.12573991,0.0931404,0.55409842,0.14745779],
[0.30100344,0.13570538,0.10329651,0.30802675,0.15196792],
[0.25110243,0.13785936,0.10423646,0.31118243,0.19561932],
[0.14985657,0.13821778,0.10359287,0.38251218,0.22582059],
[0.15025253,0.13236861,0.09943282,0.51154511,0.10640093],
[0.16999672,0.13802273,0.10353978,0.43218749,0.15625329],
[0.28210669,0.13791934,0.10556149,0.30474218,0.16967031],
[0.20087522,0.13878987,0.10537549,0.42175875,0.13320068],
[0.21891215,0.13994957,0.10600023,0.35774392,0.17739412],
[0.36481843,0.12758058,0.09658358,0.2346512,0.17636621],
[0.23293207,0.1374448,0.10366947,0.30029701,0.22565665],
[0.10971687,0.12960132,0.09510117,0.35553091,0.31004973],
[0.2244252,0.13859727,0.10516964,0.39779073,0.13401716],
[0.22386471,0.13922813,0.10514012,0.33868965,0.19307738],
[0.21467728,0.13578594,0.10342813,0.44483125,0.10127739],
[0.28517456,0.13755402,0.10521797,0.3247274,0.14732605],
[0.16696069,0.13719313,0.10444673,0.47249799,0.11890146],
[0.14061521,0.13155794,0.09764989,0.30705533,0.32312163],
[0.18398023,0.13898624,0.10472144,0.41603995,0.15627215],
[0.03512709,0.04061192,0.02834518,0.0426866,0.85322921],
[0.03187981,0.05341588,0.03766033,0.07707827,0.79996571],
[0.15054768,0.11671398,0.08623374,0.20186191,0.4446427,],
[0.09616125,0.07805339,0.0562266,0.09885257,0.67070619],
[0.1047085,0.09522362,0.06891944,0.14917577,0.58197267],
[0.09313713,0.06578184,0.04720314,0.06950369,0.7243742,],
[0.09850439,0.11683829,0.08488047,0.26445326,0.43532359],
[0.20211928,0.10952956,0.08087588,0.15329508,0.4541802,],
[0.04654351,0.05628152,0.03954311,0.07295118,0.78468068],
