# -*- coding: utf-8 -*-
a=[
[5.42811239e-05,3.99044102e-06,5.08384021e-12,9.99346596e-01
,5.95132665e-04],
[9.66162698e-01,5.36942633e-04,3.00535978e-14,3.33003587e-02
,3.25679340e-10],
[9.91803555e-01,7.05910063e-03,5.61190664e-13,1.12851544e-03
,8.82869710e-06],
[1.89448624e-01,2.09308174e-01,3.11759257e-10,4.00289132e-01
,2.00954070e-01],
[9.91803576e-01,7.05880988e-03,5.61307273e-13,1.12878263e-03
,8.83151796e-06],
[8.23668611e-05,3.36181908e-05,5.36724533e-11,1.51724870e-01
,8.48159145e-01],
[5.35835068e-01,1.22165459e-03,9.58245583e-11,4.29667396e-01
,3.32758806e-02],
[9.91804411e-01,7.04606753e-03,5.66446031e-13,1.14056511e-03
,8.95614204e-06],
[9.98307969e-01,1.64404998e-03,2.04830450e-13,3.72186835e-05
,1.07623345e-05],
[9.91804110e-01,7.05092845e-03,5.64479145e-13,1.13605354e-03
,8.90836936e-06],
[5.36828785e-01,1.22076836e-03,9.56117313e-11,4.28811420e-01
,3.31390269e-02],
[5.36828797e-01,1.22076840e-03,9.56117294e-11,4.28811409e-01
,3.31390255e-02],
[9.91911747e-01,7.10371148e-03,4.84918096e-13,9.75372683e-04
,9.16845217e-06],
[8.24329925e-05,3.36363063e-05,5.36986270e-11,1.51884543e-01
,8.47999388e-01],
[3.60813951e-02,6.01207466e-06,3.33788946e-13,9.63912528e-01
,6.53504146e-08],
[1.75495471e-02,2.60813094e-05,7.41811099e-11,9.74564146e-01
,7.86022576e-03],
[9.91803555e-01,7.05910787e-03,5.61187746e-13,1.12850877e-03
,8.82862640e-06],
[9.91803555e-01,7.05910790e-03,5.61187749e-13,1.12850876e-03
,8.82862656e-06],
[8.94848754e-01,2.51167849e-03,1.36637126e-11,5.34525665e-02
,4.91870010e-02],
[9.91426154e-01,7.33238755e-03,6.04963313e-13,1.23173509e-03
,9.72301588e-06],
[9.91799862e-01,7.06167892e-03,5.61729598e-13,1.12961808e-03
,8.84119888e-06],
[9.91803580e-01,7.05875849e-03,5.61327885e-13,1.12882987e-03
,8.83201663e-06],
[8.23660724e-05,3.36180102e-05,5.36723095e-11,1.51724410e-01
,8.48159606e-01],
[9.88932932e-01,9.40589437e-03,9.39729344e-13,1.64085696e-03
,2.03166740e-05],
[9.62857584e-01,5.02150185e-04,2.82984051e-14,3.66402651e-02
,2.51481896e-10],
[9.91808727e-01,7.05229997e-03,5.60590171e-13,1.13017969e-03
,8.79364592e-06],
[9.91803555e-01,7.05910790e-03,5.61187749e-13,1.12850876e-03
,8.82862656e-06],
[3.94137105e-05,6.54872915e-07,5.32509689e-13,9.99956788e-01
,3.14336595e-06],
[9.99938541e-01,2.57321617e-05,3.80400584e-15,3.57263360e-05
,4.09099970e-10],
[9.99662795e-01,3.26470734e-04,6.45433705e-14,1.14141260e-06
,9.59259236e-06],
[9.05493918e-01,1.08024490e-04,2.19064496e-11,7.05802659e-04
,9.36922550e-02],
[8.23799046e-05,3.36210795e-05,5.36748206e-11,1.51732543e-01
,8.48151456e-01],
[3.10507668e-01,2.39699340e-02,9.18401236e-11,1.16086121e-03
,6.64361536e-01],
[9.98416112e-01,6.73054404e-04,9.05362734e-16,9.10832117e-04
,9.99239392e-10],
[8.06417239e-01,2.09177418e-03,2.32745673e-11,9.20539254e-02
,9.94370612e-02],
[9.62857479e-01,5.02145495e-04,2.82978140e-14,3.66403751e-02
,2.51472819e-10],
[5.36309255e-01,1.21692544e-03,9.52831550e-11,4.29654552e-01
,3.28192677e-02],
[3.60814735e-02,6.01208413e-06,3.33789291e-13,9.63912449e-01
,6.53505198e-08],
[3.71805542e-01,4.86261342e-04,3.54176281e-11,6.25189942e-01
,2.51825437e-03],
[9.91328729e-01,6.14092018e-03,1.12958799e-12,2.50445947e-03
,2.58917278e-05],
[9.78220503e-01,8.56287361e-06,1.19779849e-12,2.17676529e-02
,3.28075983e-06],
[1.02125302e-01,3.89315159e-05,2.41027926e-12,8.97830727e-01
,5.03932637e-06],
[9.62857119e-01,5.02144960e-04,2.82980737e-14,3.66407356e-02
,2.51471812e-10],
[9.91838419e-01,7.01478370e-03,5.57199455e-13,1.13818934e-03
,8.60843453e-06],
[9.91803564e-01,7.05897574e-03,5.61240748e-13,1.12863020e-03
,8.82990862e-06],
[9.99499408e-01,4.85793907e-04,8.80203171e-14,2.15481942e-06
,1.26437197e-05],
[9.15461090e-01,1.03450703e-04,2.03623350e-11,6.59152211e-04
,8.37763075e-02],
[1.20619101e-01,1.98237163e-01,7.66336710e-12,7.63579372e-03
,6.73507943e-01],
[8.23794540e-05,3.36009941e-05,5.36561569e-11,1.51512216e-01
,8.48371804e-01],
[5.37179754e-01,1.22076678e-03,9.56308304e-11,4.28435938e-01
,3.31635409e-02],
[9.91844715e-01,6.91927210e-03,5.93070823e-13,1.22656866e-03
,9.44411939e-06],
[8.23660724e-05,3.36180102e-05,5.36723095e-11,1.51724410e-01
,8.48159606e-01],
[9.99889258e-01,1.04871032e-04,1.76493616e-14,5.77895966e-06
,9.23179483e-08],
[8.23677957e-05,3.36184821e-05,5.36729899e-11,1.51728557e-01
,8.48155457e-01],
[9.91866304e-01,7.10152833e-03,5.12450106e-13,1.02302848e-03
,9.13916503e-06],
[9.65821923e-01,5.38188080e-04,3.06141406e-14,3.36398890e-02
,3.29048037e-10],
[5.36828799e-01,1.22076841e-03,9.56117292e-11,4.28811407e-01
,3.31390253e-02],
[9.99632917e-01,3.52954398e-04,7.05009899e-14,1.02762340e-06
,1.31014465e-05],
[9.99193587e-01,7.59979349e-04,3.09356092e-15,8.20832407e-08
,4.63519435e-05],
[9.92448428e-01,6.57040026e-03,4.53966219e-13,9.44741777e-04
,3.64300609e-05],
[5.36828785e-01,1.22076836e-03,9.56117314e-11,4.28811420e-01
,3.31390269e-02],
[6.57564408e-01,1.55519911e-03,6.72687836e-11,2.90934041e-01
,4.99463520e-02],
[5.36831326e-01,1.22076835e-03,9.56118698e-11,4.28808701e-01
,3.31392045e-02],
[9.91803555e-01,7.05910792e-03,5.61187732e-13,1.12850872e-03
,8.82862667e-06],
[9.91803213e-01,7.05938319e-03,5.61222459e-13,1.12857461e-03
,8.82942827e-06],
[9.99640322e-01,3.46460799e-04,6.90343884e-14,1.05365997e-06
,1.21639493e-05],
[5.38386468e-01,1.22561829e-03,9.53745132e-11,4.27426615e-01
,3.29612988e-02],
[5.43093027e-01,1.23717858e-03,9.41892565e-11,4.21827151e-01
,3.38426432e-02],
[9.87903041e-01,1.01352694e-02,9.97136455e-13,1.94115087e-03
,2.05388529e-05],
[9.91803555e-01,7.05910764e-03,5.61187788e-13,1.12850891e-03
,8.82862715e-06],
[1.12672534e-02,1.05540707e-03,1.21248953e-12,9.87676847e-01
,4.92314676e-07],
[9.98345545e-01,1.26361443e-03,1.84675166e-15,3.90828121e-04
,1.23642023e-08],
[5.36828785e-01,1.22076836e-03,9.56117314e-11,4.28811420e-01
,3.31390269e-02],
[5.36829198e-01,1.22076838e-03,9.56117524e-11,4.28810978e-01
,3.31390560e-02],
[1.60038889e-01,2.01169606e-01,3.22910483e-10,4.09872675e-01
,2.28918830e-01],
[5.36849284e-01,1.22083213e-03,9.56086128e-11,4.28793199e-01
,3.31366846e-02],
[8.23660747e-05,3.36180113e-05,5.36723077e-11,1.51724404e-01
,8.48159612e-01],
[5.36828400e-01,1.22076871e-03,9.56118138e-11,4.28811752e-01
,3.31390799e-02],
[9.79390027e-01,5.32593812e-04,1.61383071e-14,2.00773788e-02
,3.18729898e-10],
[9.90969376e-01,8.96512606e-03,1.82710153e-14,2.91378658e-05
,3.63602376e-05],
[1.99385166e-05,6.94996249e-07,8.02579201e-13,9.99968261e-01
,1.11051127e-05],
[5.36828764e-01,1.22076821e-03,9.56117184e-11,4.28811453e-01
,3.31390143e-02],
[9.91204853e-01,6.57637465e-04,4.41942142e-14,8.13750712e-03
,2.63012398e-09],
[9.91851632e-01,7.09798790e-03,5.20517488e-13,1.04129484e-03
,9.08540275e-06],
[1.12735277e-02,1.05624645e-03,1.21336893e-12,9.87669733e-01
,4.93112786e-07],
[1.96436141e-04,1.58209713e-05,2.34408571e-11,9.88224893e-01
,1.15628500e-02],
[5.36828649e-01,1.22076736e-03,9.56116450e-11,4.28811641e-01
,3.31389426e-02],
[5.42389287e-01,1.23812221e-03,9.47629148e-11,4.23865376e-01
,3.25072147e-02],
[5.37594166e-01,1.22315020e-03,9.54952315e-11,4.28131053e-01
,3.30516308e-02],
[5.36828785e-01,1.22076836e-03,9.56117313e-11,4.28811420e-01
,3.31390269e-02],
[9.99863886e-01,4.38736867e-05,4.31008889e-15,9.22403046e-05
,3.89718332e-10],
[9.94449956e-01,1.39839046e-04,4.00871703e-12,1.32410779e-04
,5.27779435e-03],
[9.92137897e-01,6.62549269e-03,5.22315267e-13,1.22976314e-03
,6.84722983e-06],
[5.36863706e-01,1.22087697e-03,9.56064178e-11,4.28780376e-01
,3.31350415e-02],
[3.61674037e-02,6.02791130e-06,3.33895447e-13,9.63826503e-01
,6.53553014e-08],
[5.36828779e-01,1.22076837e-03,9.56117326e-11,4.28811425e-01
,3.31390277e-02],
[3.61862852e-02,6.03366973e-06,3.34036409e-13,9.63807616e-01
,6.53535961e-08],
[9.90866845e-01,9.07278489e-03,1.72102142e-14,2.72083736e-05
,3.31617086e-05],
[7.38072021e-01,1.95429487e-03,6.10364383e-11,2.45968746e-01
,1.40049372e-02],
[8.23662407e-05,3.36180672e-05,5.36716139e-11,1.51722798e-01
,8.48161217e-01],
[9.62857500e-01,5.02145503e-04,2.82978009e-14,3.66403547e-02
,2.51472870e-10],
[8.83178316e-05,3.49169789e-05,5.47240656e-11,1.55136471e-01
,8.44740295e-01],
[4.35306976e-02,7.51028353e-06,3.39285762e-13,9.56461732e-01
,6.05761186e-08],
[9.76870838e-01,8.19403041e-06,1.14525296e-12,2.31182062e-02
,2.76207108e-06],
[8.26569230e-05,3.36993656e-05,5.37943312e-11,1.52486852e-01
,8.47396792e-01],
[7.81121581e-01,7.01723508e-04,1.93873752e-12,2.18174114e-01
,2.58143769e-06],
[9.62970326e-01,5.02314142e-04,2.82165016e-14,3.65273591e-02
,2.51790899e-10],
[8.23660724e-05,3.36180102e-05,5.36723095e-11,1.51724410e-01
,8.48159606e-01],
[4.24671902e-02,7.17614337e-06,4.06394129e-13,9.57525537e-01
,9.63308106e-08],
[7.97304841e-01,2.33235458e-03,4.36443017e-12,1.53892021e-02
,1.84973603e-01],
[5.36824573e-01,1.22073714e-03,9.56090624e-11,4.28818269e-01
,3.31364201e-02],
[5.25603183e-01,1.23050582e-03,9.80159980e-11,4.38459114e-01
,3.47071970e-02],
[1.17260331e-01,2.12894631e-05,3.31777679e-13,8.82718047e-01
,3.32572481e-07],
[8.28701945e-05,3.37297166e-05,5.37636215e-11,1.52020177e-01
,8.47863223e-01],
[9.91803891e-01,7.05887693e-03,5.61167513e-13,1.12840347e-03
,8.82871889e-06],
[7.14422247e-01,1.81935335e-03,6.25624300e-11,2.69688140e-01
,1.40702596e-02],
[1.85791916e-05,6.14440333e-07,7.04658320e-13,9.99972418e-01
,8.38813022e-06],
[9.91803555e-01,7.05910790e-03,5.61187749e-13,1.12850876e-03
,8.82862656e-06],
[5.36828775e-01,1.22076837e-03,9.56117335e-11,4.28811429e-01
,3.31390283e-02],
[8.23794197e-05,3.36217685e-05,5.36778893e-11,1.51759105e-01
,8.48124894e-01],
[2.41450067e-01,2.18491509e-01,2.89828556e-10,3.78745202e-01
,1.61313222e-01],
[9.62857119e-01,5.02144961e-04,2.82980738e-14,3.66407355e-02
,2.51471814e-10],
[5.69631950e-02,1.35127009e-05,7.82300059e-13,9.43022869e-01
,4.22976707e-07],
[5.37060718e-01,1.22148985e-03,9.55764357e-11,4.28605242e-01
,3.31125494e-02],
[3.85268865e-01,2.20518849e-01,2.24167783e-10,3.05159586e-01
,8.90527009e-02],
[5.36790631e-01,1.22080248e-03,9.56199027e-11,4.28844292e-01
,3.31442744e-02],
[5.37956634e-01,1.22375041e-03,9.53618381e-11,4.27551371e-01
,3.32682439e-02],
[1.06845336e-01,8.72611457e-03,8.47754781e-13,6.09688492e-06
,8.84422453e-01],
[5.36828785e-01,1.22076836e-03,9.56117314e-11,4.28811420e-01
,3.31390269e-02],
[9.40256818e-01,1.64779271e-04,5.71030071e-13,8.71384267e-05
,5.94912640e-02],
[1.23179910e-02,1.23432254e-03,1.43071465e-12,9.86446982e-01
,7.04487901e-07],
[5.11330863e-01,1.24201544e-03,1.01072692e-10,4.50653921e-01
,3.67732009e-02],
[9.91803555e-01,7.05910792e-03,5.61187727e-13,1.12850871e-03
,8.82862673e-06],
[7.39156110e-01,1.95906081e-03,6.08285349e-11,2.44964166e-01
,1.39206632e-02],
[5.36828873e-01,1.22076184e-03,9.56105007e-11,4.28812042e-01
,3.31383225e-02],
[5.36988364e-01,1.22127012e-03,9.55875383e-11,4.28669537e-01
,3.31208290e-02],
[5.36833480e-01,1.22078297e-03,9.56110170e-11,4.28807246e-01
,3.31384904e-02],
[9.62857211e-01,5.02144421e-04,2.82980566e-14,3.66406447e-02
,2.51471912e-10],
[8.23660724e-05,3.36180102e-05,5.36723095e-11,1.51724410e-01
,8.48159606e-01],
[9.91803555e-01,7.05910782e-03,5.61187751e-13,1.12850879e-03
,8.82862645e-06],
[9.62698383e-01,5.01710552e-04,2.84124424e-14,3.67999059e-02
,2.53120286e-10],
[8.14537383e-01,2.32895683e-03,4.57336131e-11,1.74612215e-01
,8.52144466e-03],
[1.65773948e-01,2.14706447e-01,2.83698480e-10,3.54889693e-01
,2.64629912e-01],
[9.99965790e-01,3.33568342e-05,1.15416780e-16,8.52135087e-07
,1.44313994e-09],
[8.23705263e-05,3.36189985e-05,5.36731181e-11,1.51727029e-01
,8.48156981e-01],
[9.35165695e-01,1.09722347e-04,1.71963623e-11,5.42295685e-04
,6.41822867e-02],
[5.39503574e-01,1.22909310e-03,9.52024016e-11,4.26434733e-01
,3.28326001e-02],
[9.62821732e-01,5.02038662e-04,2.83220020e-14,3.66762289e-02
,2.51803826e-10],
[9.99939699e-01,3.98556485e-05,5.93072164e-15,2.04431008e-05
,2.01795173e-09],
[9.03815092e-01,5.25506341e-04,6.21171888e-11,2.95624205e-02
,6.60969814e-02],
[9.91804125e-01,7.05953219e-03,5.60723568e-13,1.12751178e-03
,8.83139868e-06],
[9.62856013e-01,5.02141764e-04,2.82988230e-14,3.66418447e-02
,2.51482234e-10],
[9.93578330e-01,3.94594267e-03,2.90504035e-13,2.47486623e-03
,8.60763065e-07],
[8.23660724e-05,3.36180102e-05,5.36723095e-11,1.51724410e-01
,8.48159606e-01],
[5.36804205e-01,1.22058613e-03,9.55961555e-11,4.28851393e-01
,3.31238160e-02],
[2.58892333e-03,1.85361784e-04,2.21881186e-12,5.88664609e-03
,9.91339069e-01],
[9.61558918e-01,4.98387882e-04,2.91872378e-14,3.79426937e-02
,2.64033615e-10],
[9.62857119e-01,5.02144960e-04,2.82980739e-14,3.66407358e-02
,2.51471813e-10],
[6.08099498e-01,1.30397988e-04,1.72707949e-13,3.91765957e-01
,4.14686001e-06],
[8.23660724e-05,3.36180102e-05,5.36723095e-11,1.51724410e-01
,8.48159606e-01],
[9.99632366e-01,3.53435624e-04,7.06079631e-14,1.02572607e-06
,1.31728931e-05],
[6.10961683e-01,1.32246928e-04,1.72282801e-13,3.88902442e-01
,3.62815133e-06],
[8.23874727e-05,3.36227587e-05,5.36761926e-11,1.51736986e-01
,8.48147003e-01],
[5.36845065e-01,1.22081888e-03,9.56092629e-11,4.28796942e-01
,3.31371740e-02],
[9.91804038e-01,7.05873353e-03,5.61165313e-13,1.12840017e-03
,8.82841274e-06],
[3.60863620e-02,6.01253280e-06,3.33820388e-13,9.63907560e-01
,6.53597848e-08],
[9.91803555e-01,7.05910790e-03,5.61187749e-13,1.12850876e-03
,8.82862656e-06],
[6.08023647e-01,1.30342927e-04,1.72608768e-13,3.91841870e-01
,4.14055931e-06],
[7.82244022e-01,1.09558250e-04,8.17894899e-13,2.23123302e-05
,2.17624107e-01],
[5.35596702e-01,1.22186648e-03,9.58756100e-11,4.29872667e-01
,3.33087643e-02],
[8.24431973e-05,3.36351209e-05,5.36863073e-11,1.51769746e-01
,8.48114175e-01],
[8.23660724e-05,3.36180102e-05,5.36723095e-11,1.51724410e-01
,8.48159606e-01],
[1.75340148e-02,2.60797212e-05,7.41668992e-11,9.74578448e-01
,7.86145776e-03],
[5.36828785e-01,1.22076836e-03,9.56117314e-11,4.28811420e-01
,3.31390269e-02],
[5.36828930e-01,1.22076882e-03,9.56117092e-11,4.28811291e-01
,3.31390103e-02],
[5.70528971e-01,1.32793471e-03,9.03711079e-11,3.98734022e-01
,2.94090718e-02],
[9.81064573e-01,9.14695811e-04,5.61034500e-14,1.80207282e-02
,2.52843033e-09],
[2.57941700e-05,1.35445306e-05,5.15841934e-13,1.14632965e-03
,9.98814332e-01],
[5.36835638e-01,1.22077444e-03,9.56079074e-11,4.28807939e-01
,3.31356487e-02],
[5.36827917e-01,1.22076914e-03,9.56119172e-11,4.28812168e-01
,3.31391463e-02],
[9.91803555e-01,7.05910789e-03,5.61187748e-13,1.12850876e-03
,8.82862657e-06],
[3.08552820e-01,3.71467713e-02,1.01961471e-12,6.54249764e-01
,5.06447630e-05],
[9.91803583e-01,7.05870578e-03,5.61349029e-13,1.12887831e-03
,8.83252815e-06],
[9.78706781e-01,7.96246564e-04,4.75774559e-14,2.04969711e-02
,1.50934356e-09],
[9.44773282e-01,3.44291470e-03,1.56164565e-11,5.02760468e-02
,1.50775620e-03],
[7.32568089e-01,1.79668142e-03,4.90557639e-11,2.04960904e-01
,6.06743255e-02],
[9.91825315e-01,7.04524132e-03,5.59284983e-13,1.12060599e-03
,8.83781181e-06],
[9.62494588e-01,5.01064218e-04,2.85432325e-14,3.70043472e-02
,2.54882246e-10],
[9.98410999e-01,6.69832832e-04,9.03845753e-16,9.19167599e-04
,9.87280494e-10],
[9.88893921e-01,1.48563454e-05,2.25098102e-12,1.10631952e-02
,2.80270790e-05],
[8.23660838e-05,3.36180128e-05,5.36723116e-11,1.51724417e-01
,8.48159599e-01],
[9.91803559e-01,7.05911136e-03,5.61183983e-13,1.12850066e-03
,8.82864915e-06],
[9.88007069e-01,5.14750625e-03,2.69429974e-12,6.74669560e-03
,9.87295146e-05],
[9.99632226e-01,3.53557866e-04,7.06374634e-14,1.02526191e-06
,1.31912253e-05],
[9.68630098e-01,4.68423457e-04,2.70166474e-14,3.09014787e-02
,2.55497240e-10],
[9.91213055e-01,6.06146619e-03,1.20538314e-12,2.69686661e-03
,2.86126277e-05],
[2.55732894e-05,1.25393486e-05,4.87754503e-13,9.68532303e-04
,9.98993355e-01],
[5.36828784e-01,1.22076836e-03,9.56117314e-11,4.28811420e-01
,3.31390270e-02],
[5.41439525e-01,1.23515232e-03,9.49081429e-11,4.24710839e-01
,3.26144838e-02],
[8.23660746e-05,3.36180111e-05,5.36723099e-11,1.51724412e-01
,8.48159604e-01],
[3.61491681e-02,6.03165888e-06,3.34891430e-13,9.63844734e-01
,6.58169772e-08],
[9.06787929e-01,2.56046780e-03,1.65353263e-11,8.95606427e-02
,1.09096055e-03],
[9.15461103e-01,1.03450887e-04,2.03623605e-11,6.59154947e-04
,8.37762909e-02],
[9.08160587e-01,2.90120940e-03,2.55642199e-11,8.55606694e-02
,3.37753448e-03],
[5.22744655e-01,1.12365408e-03,8.73557073e-11,4.50359994e-01
,2.57716961e-02],
[2.26892055e-01,1.84154453e-01,3.02226337e-10,4.09207198e-01
,1.79746294e-01],
[1.49388639e-02,4.56347518e-06,3.60028806e-13,9.85056463e-01
,1.10075012e-07],
[5.36828590e-01,1.22076692e-03,9.56116081e-11,4.28811736e-01
,3.31389065e-02],
[3.58716489e-02,6.06365259e-06,3.34725598e-13,9.64122222e-01
,6.57468245e-08],
[9.93044889e-01,2.57879773e-03,1.79526749e-13,4.37615600e-03
,1.57724443e-07],
[9.99632225e-01,3.53558291e-04,7.06375184e-14,1.02526478e-06
,1.31912226e-05],
[9.99630631e-01,3.54937088e-04,6.69264452e-14,9.67802108e-07
,1.34642174e-05],
[7.01276450e-02,1.96864865e-05,1.17068328e-12,9.29851649e-01
,1.01969970e-06],
[5.36832680e-01,1.22078048e-03,9.56111388e-11,4.28807958e-01
,3.31385819e-02],
[9.91803555e-01,7.05910790e-03,5.61187749e-13,1.12850876e-03
,8.82862656e-06],
[5.36828981e-01,1.22076887e-03,9.56116851e-11,4.28811202e-01
,3.31390478e-02],
[5.36828839e-01,1.22076857e-03,9.56117239e-11,4.28811371e-01
,3.31390211e-02],
[9.86195546e-01,1.14208468e-02,1.22177846e-12,2.35590198e-03
,2.77052329e-05],
[7.94502636e-01,2.36414757e-03,5.81543581e-12,2.07799914e-02
,1.82353225e-01],
[9.91804528e-01,7.05975414e-03,5.60422218e-13,1.12688488e-03
,8.83292443e-06],
[9.65841477e-01,5.11025625e-04,2.67224176e-14,3.36474975e-02
,2.68957966e-10],
[8.23587020e-05,3.36163587e-05,5.36375623e-11,1.51620339e-01
,8.48263686e-01],
[6.72111616e-04,2.58662523e-05,6.98333024e-13,9.98537629e-01
,7.64393459e-04],
[3.60817342e-02,6.01213314e-06,3.33789132e-13,9.63912188e-01
,6.53501466e-08],
[9.45182175e-05,3.62269177e-05,5.57631553e-11,1.58518878e-01
,8.41350377e-01],
[9.62883233e-01,5.02389973e-04,2.83096540e-14,3.66143769e-02
,2.51952505e-10],
[9.79678775e-01,1.63020197e-02,2.12204501e-12,3.95681728e-03
,6.23875490e-05],
[9.91803562e-01,7.05905618e-03,5.61206051e-13,1.12855280e-03
,8.82905518e-06],
[7.89492187e-05,3.45477846e-06,1.08465334e-11,8.53460103e-04
,9.99064136e-01],
[9.91783179e-01,6.77041135e-03,6.92585066e-13,1.43420895e-03
,1.22007121e-05],
[9.46158633e-01,7.32841492e-05,1.27963050e-13,5.37610627e-02
,7.01973915e-06],
[9.95774877e-01,3.92976713e-03,3.74414740e-13,2.85779046e-04
,9.57674434e-06],
[9.91803555e-01,7.05910790e-03,5.61187749e-13,1.12850876e-03
,8.82862657e-06],
[9.91803580e-01,7.05907060e-03,5.61187349e-13,1.12852108e-03
,8.82852816e-06],
[9.90866839e-01,9.07279689e-03,1.72056780e-14,2.72018554e-05
,3.31626187e-05],
[8.23660724e-05,3.36180102e-05,5.36723095e-11,1.51724410e-01
,8.48159606e-01],
[5.36828804e-01,1.22076841e-03,9.56117292e-11,4.28811402e-01
,3.31390255e-02],
[9.91803555e-01,7.05910722e-03,5.61187687e-13,1.12850891e-03
,8.82862312e-06],
[8.59982404e-02,6.71402287e-03,7.98318458e-13,5.88770851e-06
,9.07281849e-01],
[9.62857130e-01,5.02145077e-04,2.82980809e-14,3.66407249e-02
,2.51472036e-10],
[9.64067531e-01,5.03396762e-04,2.74075266e-14,3.54290721e-02
,2.59602288e-10],
[9.99939597e-01,2.59601104e-05,3.67463598e-15,3.44420140e-05
,3.87059471e-10],
[8.23719094e-05,3.36207125e-05,5.36735379e-11,1.51726868e-01
,8.48157140e-01],
[5.71793768e-01,1.33205208e-03,9.01700830e-11,3.97600654e-01
,2.92735254e-02],
[6.11607736e-05,1.10653995e-06,6.08708318e-13,9.99934388e-01
,3.34461156e-06],
[1.56310081e-01,1.99271127e-01,3.24368232e-10,4.11426299e-01
,2.32992492e-01],
[8.23660724e-05,3.36180102e-05,5.36723095e-11,1.51724410e-01
,8.48159606e-01],
[9.90887741e-01,9.05136926e-03,1.77523897e-14,2.81351500e-05
,3.27547820e-05],
[9.91803555e-01,7.05910790e-03,5.61187749e-13,1.12850876e-03
,8.82862656e-06],
[1.32816870e-04,4.35548286e-05,6.03010849e-11,1.73662371e-01
,8.26161257e-01],
[8.23703420e-05,3.36189576e-05,5.36730846e-11,1.51726921e-01
,8.48157090e-01],
[8.23660724e-05,3.36180102e-05,5.36723095e-11,1.51724410e-01
,8.48159606e-01],
[8.25027138e-05,3.34997591e-05,5.35523542e-11,1.50083611e-01
,8.49800386e-01],
[1.97140354e-04,5.40996668e-05,6.79867179e-11,1.97347398e-01
,8.02401362e-01],
[2.25830832e-02,3.58807724e-03,4.42093212e-12,9.73820694e-01
,8.14603479e-06],
[6.58313844e-05,1.38830940e-06,5.50405085e-12,1.19731205e-04
,9.99813049e-01],
[8.23665583e-05,3.36181463e-05,5.36725134e-11,1.51725682e-01
,8.48158334e-01],
[8.23982146e-05,3.36262215e-05,5.36825760e-11,1.51781069e-01
,8.48102906e-01],
[1.63698140e-05,4.92666792e-07,5.58035803e-13,9.99978065e-01
,5.07207376e-06],
[5.35582740e-01,1.22188751e-03,9.58787342e-11,4.29884631e-01
,3.33107414e-02],
[8.23709944e-05,3.36193880e-05,5.36743765e-11,1.51737302e-01
,8.48146707e-01],
[1.75490575e-02,2.60808395e-05,7.41795095e-11,9.74564913e-01
,7.85994905e-03],
[1.33102600e-04,4.35968812e-05,6.12531783e-11,1.76575915e-01
,8.23247386e-01],
[6.06896787e-01,1.30519952e-04,1.73449310e-13,3.92968524e-01
,4.16833920e-06],
[5.32300268e-01,1.22490358e-03,9.65837240e-11,4.32708276e-01
,3.37665527e-02],
[5.35674159e-01,1.21629931e-03,9.52972324e-11,4.30311273e-01
,3.27982692e-02],
[2.80400753e-05,1.44906676e-05,6.99247058e-13,1.57777678e-03
,9.98379692e-01],
[8.24332986e-05,3.36367989e-05,5.37004282e-11,1.51899609e-01
,8.47984321e-01],
[8.23660823e-05,3.36179976e-05,5.36722976e-11,1.51724253e-01
,8.48159762e-01],
[1.30448157e-01,6.81889712e-05,6.73742132e-13,1.53125269e-05
,8.69468342e-01],
[8.23660746e-05,3.36180106e-05,5.36723099e-11,1.51724411e-01
,8.48159604e-01],
[1.62320526e-05,4.85455878e-07,5.49412687e-13,9.99978378e-01
,4.90457018e-06],
[1.16634815e-04,4.05959901e-05,5.90858187e-11,1.69410213e-01
,8.30432556e-01],
[8.23664025e-05,3.36180690e-05,5.36723563e-11,1.51724448e-01
,8.48159568e-01],
[8.23661549e-05,3.36180332e-05,5.36723441e-11,1.51724626e-01
,8.48159390e-01],
[8.23660724e-05,3.36180102e-05,5.36723095e-11,1.51724410e-01
,8.48159606e-01],
[8.32116294e-05,3.38065792e-05,5.38253884e-11,1.52218785e-01
,8.47664197e-01],
[1.62315880e-05,4.85431082e-07,5.49383152e-13,9.99978379e-01
,4.90399934e-06],
[8.41389019e-05,3.42192737e-05,5.42910024e-11,1.55092343e-01
,8.44789298e-01],
[1.56646314e-01,1.99974786e-01,3.24037365e-10,4.11407821e-01
,2.31971078e-01],
[1.78922422e-02,5.02540241e-04,1.69507860e-10,6.07938277e-01
,3.73666941e-01],
[8.23660920e-05,3.36180146e-05,5.36723135e-11,1.51724426e-01
,8.48159590e-01],
[3.22160095e-02,2.22898479e-04,2.64125394e-10,1.05151865e-01
,8.62409227e-01],
[1.07253294e-04,3.99033834e-05,5.78667821e-11,1.64288058e-01
,8.35564786e-01],
[1.62316591e-05,4.85434751e-07,5.49386827e-13,9.99978379e-01
,4.90406889e-06],
[7.91067786e-03,3.47922940e-04,1.52277697e-10,5.24790378e-01
,4.66951021e-01],
[7.88820138e-01,2.31365311e-03,1.79163407e-11,6.84022073e-02
,1.40464002e-01],
[8.33248643e-05,3.38301906e-05,5.38455798e-11,1.52285729e-01
,8.47597116e-01],
[8.23660724e-05,3.36180102e-05,5.36723095e-11,1.51724410e-01
,8.48159606e-01],
[8.23660978e-05,3.36180158e-05,5.36723141e-11,1.51724425e-01
,8.48159591e-01],
[8.34153065e-05,3.39108274e-05,5.41114008e-11,1.54481867e-01
,8.45400807e-01],
[1.30551659e-04,4.31443446e-05,6.09107101e-11,1.75446017e-01
,8.24380287e-01],
[8.23820063e-05,3.36215458e-05,5.36752022e-11,1.51733778e-01
,8.48150218e-01],
[8.24999427e-05,3.36477053e-05,5.36965993e-11,1.51803078e-01
,8.48080774e-01],
[5.37260092e-01,1.22211030e-03,9.55460971e-11,4.28428035e-01
,3.30897627e-02],
[1.62366591e-05,4.85696372e-07,5.49700203e-13,9.99978368e-01
,4.91010690e-06],
[5.35264051e-01,1.22216862e-03,9.59469378e-11,4.30159066e-01
,3.33547145e-02],
[8.23660724e-05,3.36180102e-05,5.36723095e-11,1.51724410e-01
,8.48159606e-01],
[8.23660724e-05,3.36180102e-05,5.36723095e-11,1.51724410e-01
,8.48159606e-01],
[8.23660729e-05,3.36180103e-05,5.36723097e-11,1.51724411e-01
,8.48159604e-01],
[8.64412780e-05,3.45130810e-05,5.43986326e-11,1.54078324e-01
,8.45800722e-01],
[2.81104931e-05,1.41318975e-05,5.28324109e-13,1.16619278e-03
,9.98791565e-01],
[8.23660724e-05,3.36180102e-05,5.36723095e-11,1.51724410e-01
,8.48159606e-01],
[8.23660539e-05,3.36180060e-05,5.36722222e-11,1.51724149e-01
,8.48159867e-01],
[8.23739897e-05,3.36197670e-05,5.36737469e-11,1.51729065e-01
,8.48154941e-01],
[1.19184234e-04,1.86681573e-06,6.44615414e-12,1.34583220e-04
,9.99744366e-01],
[5.41250603e-05,3.94098761e-06,4.95912015e-12,9.99370274e-01
,5.71659626e-04],
[8.23660737e-05,3.36180108e-05,5.36723098e-11,1.51724411e-01
,8.48159605e-01],
[8.23660724e-05,3.36180102e-05,5.36723095e-11,1.51724410e-01
,8.48159606e-01],
[8.35130841e-05,3.39380237e-05,5.41521614e-11,1.54739779e-01
,8.45142770e-01],
[8.23660775e-05,3.36180116e-05,5.36723116e-11,1.51724424e-01
,8.48159592e-01],
[5.36488173e-01,1.22237447e-03,9.57048492e-11,4.29095993e-01
,3.31934598e-02],
[8.23660724e-05,3.36180102e-05,5.36723095e-11,1.51724410e-01
,8.48159606e-01],
[2.56373409e-05,1.16666896e-05,4.80029143e-13,8.48258989e-04
,9.99114437e-01],
[2.08195513e-04,5.54368893e-05,6.90600374e-11,2.02781371e-01
,7.96954996e-01],
[1.87815871e-05,5.21108517e-07,5.61586137e-13,9.99975831e-01
,4.86634714e-06],
[7.15357578e-05,3.05541241e-05,2.49277924e-11,6.74798107e-02
,9.32418099e-01],
[8.63341535e-05,2.00279865e-05,3.80311875e-11,4.24988558e-02
,9.57394782e-01],
[8.23660993e-05,3.36180167e-05,5.36723168e-11,1.51724447e-01
,8.48159569e-01],
[1.62345152e-05,4.85526018e-07,5.49389770e-13,9.99978375e-01
,4.90499996e-06],
[8.34110358e-05,3.39094292e-05,5.41093758e-11,1.54467805e-01
,8.45414874e-01],
[3.06067821e-01,1.94298659e-02,7.91155340e-11,7.23779666e-04
,6.73778534e-01],
[2.64926761e-05,1.38424233e-05,5.67686848e-13,1.26752726e-03
,9.98692138e-01],
[1.62315802e-05,4.85430881e-07,5.49382886e-13,9.99978379e-01
,4.90399504e-06],
[3.09767408e-01,6.33747679e-05,2.82441656e-13,6.90167722e-01
,1.49458552e-06],
[1.96298458e-01,1.31449911e-04,8.77291792e-12,8.03477403e-01
,9.26891812e-05],
[8.30010478e-05,8.37906965e-06,1.11165977e-11,9.96685247e-01
,3.22337267e-03],
[8.23660824e-05,3.36180112e-05,5.36723102e-11,1.51724403e-01
,8.48159613e-01],
[8.23660724e-05,3.36180102e-05,5.36723095e-11,1.51724410e-01
,8.48159606e-01],
[2.24485422e-04,5.78833232e-05,7.04626647e-11,2.07407588e-01
,7.92310043e-01],
[9.00971746e-05,3.49293476e-05,5.46950688e-11,1.52177172e-01
,8.47697802e-01],
[8.23671857e-05,3.36185238e-05,5.36720554e-11,1.51723639e-01
,8.48160375e-01],
[8.22804577e-05,3.35987456e-05,5.32713056e-11,1.50523675e-01
,8.49360446e-01],
[8.87949642e-05,3.50192961e-05,5.48059929e-11,1.55402755e-01
,8.44473431e-01],
[9.14863253e-05,3.61040807e-05,5.73864673e-11,1.76319762e-01
,8.23552647e-01],
[1.54912269e-01,1.97362077e-01,3.25090032e-10,4.12833195e-01
,2.34892459e-01],
[1.11540510e-04,3.99110033e-05,5.94882390e-11,1.77292303e-01
,8.22556246e-01],
[8.25698285e-05,3.36750182e-05,5.37578173e-11,1.52258393e-01
,8.47625362e-01],
[2.90975714e-01,2.03072317e-02,6.36543027e-11,6.53692909e-04
,6.88063362e-01],
[8.23660724e-05,3.36180102e-05,5.36723095e-11,1.51724410e-01
,8.48159606e-01],
[8.23660724e-05,3.36180102e-05,5.36723095e-11,1.51724410e-01
,8.48159606e-01],
[4.25075579e-02,4.22355886e-02,3.12132588e-10,4.72064838e-01
,4.43192016e-01],
[3.72240027e-05,6.38252716e-07,5.22869536e-13,9.99959038e-01
,3.09931333e-06],
[1.62316709e-05,4.85434568e-07,5.49386786e-13,9.99978379e-01
,4.90406735e-06],
[8.23660724e-05,3.36180101e-05,5.36723093e-11,1.51724410e-01
,8.48159606e-01],
[4.31249149e-04,2.20279792e-04,9.07013227e-11,2.18992871e-01
,7.80355600e-01],
[8.23660724e-05,3.36180102e-05,5.36723095e-11,1.51724410e-01
,8.48159606e-01],
[8.23706656e-05,3.36190294e-05,5.36731434e-11,1.51727111e-01
,8.48156899e-01],
[8.23665574e-05,3.36176653e-05,5.36720092e-11,1.51719953e-01
,8.48164062e-01],
[8.23661533e-05,3.36180281e-05,5.36723242e-11,1.51724458e-01
,8.48159558e-01],
[5.36862522e-01,1.22089778e-03,9.56069780e-11,4.28781266e-01
,3.31353142e-02],
[5.36792075e-01,1.22079612e-03,9.56190313e-11,4.28843559e-01
,3.31435700e-02],
[8.23660724e-05,3.36180102e-05,5.36723095e-11,1.51724410e-01
,8.48159606e-01],
[8.23660724e-05,3.36180102e-05,5.36723095e-11,1.51724410e-01
,8.48159606e-01],
[8.23660724e-05,3.36180102e-05,5.36723095e-11,1.51724410e-01
,8.48159606e-01],
[8.23661150e-05,3.36180221e-05,5.36723274e-11,1.51724522e-01
,8.48159494e-01],
[5.36835112e-01,1.22077044e-03,9.56119371e-11,4.28804772e-01
,3.31393450e-02],
[1.75645660e-01,2.20401835e-01,2.67497862e-10,3.12327138e-01
,2.91625366e-01],
[8.23660724e-05,3.36180102e-05,5.36723095e-11,1.51724410e-01
,8.48159606e-01],
[8.23660724e-05,3.36180102e-05,5.36723095e-11,1.51724410e-01
,8.48159606e-01],
[8.23660724e-05,3.36180102e-05,5.36723095e-11,1.51724410e-01
,8.48159606e-01],
[1.33525733e-04,1.88416407e-05,2.59722863e-11,9.79535305e-01
,2.03123277e-02],
[8.23660724e-05,3.36180102e-05,5.36723095e-11,1.51724410e-01
,8.48159606e-01],
[8.23660724e-05,3.36180102e-05,5.36723095e-11,1.51724410e-01
,8.48159606e-01],
[8.23660724e-05,3.36180102e-05,5.36723095e-11,1.51724410e-01
,8.48159606e-01],
[7.99243770e-01,2.33029387e-03,4.58038808e-12,1.62018506e-02
,1.82224085e-01],
[8.23661320e-05,3.36180234e-05,5.36723203e-11,1.51724445e-01
,8.48159571e-01],
[2.70618313e-02,5.61118469e-06,3.44381019e-13,9.72932479e-01
,7.81003879e-08],
[8.23660724e-05,3.36180102e-05,5.36723095e-11,1.51724410e-01
,8.48159606e-01],
[8.23660741e-05,3.36180110e-05,5.36723098e-11,1.51724411e-01
,8.48159605e-01],
[8.23660724e-05,3.36180102e-05,5.36723095e-11,1.51724410e-01
,8.48159606e-01],
[5.36690548e-01,1.22089193e-03,9.56413377e-11,4.28930518e-01
,3.31580421e-02],
[3.00118906e-01,2.87291235e-02,1.08450337e-10,1.98850037e-03
,6.69163470e-01],
[1.62328973e-05,4.85500038e-07,5.49465504e-13,9.99978376e-01
,4.90558724e-06],
[8.23660724e-05,3.36180102e-05,5.36723095e-11,1.51724410e-01
,8.48159606e-01],
[8.23660682e-05,3.36180092e-05,5.36722896e-11,1.51724351e-01
,8.48159665e-01],
[9.23396848e-02,1.05164912e-01,3.41024532e-10,4.68586540e-01
,3.33908862e-01],
[8.23661468e-05,3.36180310e-05,5.36723407e-11,1.51724605e-01
,8.48159411e-01],
[4.32689488e-01,3.61188272e-02,8.01245815e-13,5.31161289e-01
,3.03960130e-05],
[8.23693774e-05,3.36138109e-05,5.36683244e-11,1.51672019e-01
,8.48211998e-01],
[8.23661842e-05,3.36180620e-05,5.36723318e-11,1.51724454e-01
,8.48159562e-01],
[8.23660724e-05,3.36180102e-05,5.36723095e-11,1.51724410e-01
,8.48159606e-01],
[8.23661089e-05,3.36180216e-05,5.36723198e-11,1.51724459e-01
,8.48159557e-01],
[8.23660724e-05,3.36180102e-05,5.36723095e-11,1.51724410e-01
,8.48159606e-01],
[8.23661330e-05,3.36180236e-05,5.36723205e-11,1.51724446e-01
,8.48159570e-01],
[5.42722061e-01,1.22064817e-03,9.59261854e-11,4.22506024e-01
,3.35512670e-02],
[8.23660760e-05,3.36180110e-05,5.36723101e-11,1.51724412e-01
,8.48159604e-01],
[2.53148172e-01,1.55570955e-02,7.82056448e-11,7.36329282e-04
,7.30558403e-01],
[3.60814504e-02,6.01207737e-06,3.33788894e-13,9.63912472e-01
,6.53503507e-08],
[8.23660724e-05,3.36180102e-05,5.36723095e-11,1.51724410e-01
,8.48159606e-01],
[8.23660724e-05,3.36180102e-05,5.36723095e-11,1.51724410e-01
,8.48159606e-01],
[8.59218542e-05,1.78352468e-05,3.49932625e-11,3.25688614e-02
,9.67327381e-01],
[8.24827999e-05,3.36391557e-05,5.36890791e-11,1.51740719e-01
,8.48143159e-01],
[8.59374085e-05,3.46073959e-05,5.51542217e-11,1.61186296e-01
,8.38693159e-01],
[8.23677036e-05,3.36183721e-05,5.36726056e-11,1.51725369e-01
,8.48158645e-01],
[8.23660724e-05,3.36180102e-05,5.36723095e-11,1.51724410e-01
,8.48159606e-01],
[8.23673535e-05,3.36186032e-05,5.36725791e-11,1.51724950e-01
,8.48159064e-01],
[1.62320540e-05,4.85456069e-07,5.49412955e-13,9.99978378e-01
,4.90457571e-06],
[2.11158969e-04,5.39613451e-05,7.92633662e-11,6.36336670e-01
,3.63398209e-01],
[5.36780337e-01,1.22072341e-03,9.56130982e-11,4.28861287e-01
,3.31376524e-02],
[2.79288111e-05,1.46827221e-05,5.80225736e-13,1.28904668e-03
,9.98668342e-01],
[7.58177853e-03,2.92022680e-04,2.10944974e-11,2.73088204e-04
,9.91853111e-01],
[8.23660727e-05,3.36180102e-05,5.36723095e-11,1.51724410e-01
,8.48159606e-01],
[8.23660724e-05,3.36180102e-05,5.36723095e-11,1.51724410e-01
,8.48159606e-01],
[8.23660734e-05,3.36180104e-05,5.36723097e-11,1.51724411e-01
,8.48159605e-01],
[1.56585003e-01,2.00032453e-01,3.24160000e-10,4.10871691e-01
,2.32510853e-01],
[8.34505577e-05,3.38579207e-05,5.38682158e-11,1.52359074e-01
,8.47523617e-01],
[8.23660724e-05,3.36180102e-05,5.36723095e-11,1.51724410e-01
,8.48159606e-01],
[8.24043322e-05,3.36264993e-05,5.36792546e-11,1.51746903e-01
,8.48137066e-01],
[3.07795005e-01,3.70318815e-02,1.02047893e-12,6.55122323e-01
,5.07895518e-05],
[8.74525065e-05,3.47307911e-05,5.44989838e-11,1.54424524e-01
,8.45453293e-01],
[8.23661343e-05,3.36180240e-05,5.36723211e-11,1.51724450e-01
,8.48159566e-01],
[8.23662074e-05,3.36180401e-05,5.36723340e-11,1.51724490e-01
,8.48159526e-01],
[8.23660724e-05,3.36180102e-05,5.36723095e-11,1.51724410e-01
,8.48159606e-01],
[8.23660724e-05,3.36180102e-05,5.36723095e-11,1.51724410e-01
,8.48159606e-01],
[5.36651184e-01,1.22092710e-03,9.56497684e-11,4.28964430e-01
,3.31634582e-02],
[5.36794538e-01,1.22079898e-03,9.56190659e-11,4.28840925e-01
,3.31437371e-02],
[1.62501259e-05,4.86399411e-07,5.50540632e-13,9.99978337e-01
,4.92630934e-06],
[9.99631951e-01,3.53810115e-04,7.07165364e-14,1.02636220e-06
,1.32127227e-05],
[8.23660728e-05,3.36180103e-05,5.36723096e-11,1.51724410e-01
,8.48159605e-01],
[8.23660724e-05,3.36180102e-05,5.36723095e-11,1.51724410e-01
,8.48159606e-01],
[8.23660724e-05,3.36180102e-05,5.36723095e-11,1.51724410e-01
,8.48159606e-01],
[8.23660724e-05,3.36180102e-05,5.36723095e-11,1.51724410e-01
,8.48159606e-01],
[8.23675019e-05,3.36184103e-05,5.36729098e-11,1.51728154e-01
,8.48155860e-01],
[3.17758673e-05,1.58259666e-05,5.98804036e-13,1.51152478e-03
,9.98440873e-01],
[9.85392340e-01,1.43258927e-04,6.63282180e-12,1.82178884e-04
,1.42822221e-02],
[8.23660724e-05,3.36180102e-05,5.36723095e-11,1.51724410e-01
,8.48159606e-01],
[8.23660724e-05,3.36180102e-05,5.36723095e-11,1.51724410e-01
,8.48159606e-01],
[8.23660725e-05,3.36180102e-05,5.36723095e-11,1.51724410e-01
,8.48159606e-01],
[8.23670530e-05,3.36181765e-05,5.36724105e-11,1.51724335e-01
,8.48159680e-01],
[8.75703654e-05,2.93524278e-06,6.12524714e-13,9.99861313e-01
,4.81817477e-05],
[8.23660724e-05,3.36180102e-05,5.36723095e-11,1.51724410e-01
,8.48159606e-01],
[5.37182435e-01,1.22206675e-03,9.55609824e-11,4.28495720e-01
,3.30997782e-02],
[8.23661234e-05,3.36180244e-05,5.36723309e-11,1.51724544e-01
,8.48159472e-01],
[2.86491805e-05,1.47446750e-05,7.56267386e-13,1.71315426e-03
,9.98243452e-01],
[1.65158914e-05,4.95395395e-07,5.50587656e-13,9.99978114e-01
,4.87509920e-06],
[8.36746798e-01,1.29832261e-03,1.37833464e-13,1.61954877e-01
,2.73298200e-09],
[8.23660724e-05,3.36180102e-05,5.36723095e-11,1.51724410e-01
,8.48159606e-01],
[1.62315669e-05,4.85430650e-07,5.49382572e-13,9.99978379e-01
,4.90399084e-06],
[8.23660730e-05,3.36180103e-05,5.36723097e-11,1.51724412e-01
,8.48159604e-01],
[8.04908024e-03,3.50731752e-04,1.52679694e-10,5.26611259e-01
,4.64988929e-01],
[8.23660699e-05,3.36180086e-05,5.36722938e-11,1.51724355e-01
,8.48159661e-01],
[1.75054708e-04,7.06088042e-05,7.32146290e-11,2.41112877e-01
,7.58641459e-01],
[6.04525632e-01,1.30862014e-04,1.74299282e-13,3.95339294e-01
,4.21146585e-06],
[1.25129231e-04,1.60431337e-05,2.21109447e-11,9.85916061e-01
,1.39427669e-02],
[8.23901474e-05,3.36242222e-05,5.36802585e-11,1.51769052e-01
,8.48114934e-01],
[8.23660748e-05,3.36180108e-05,5.36723105e-11,1.51724416e-01
,8.48159600e-01],
[8.23661053e-05,3.36180194e-05,5.36723224e-11,1.51724494e-01
,8.48159522e-01],
[8.23660724e-05,3.36180102e-05,5.36723095e-11,1.51724410e-01
,8.48159606e-01],
[8.49563514e-01,2.53732133e-03,3.82067028e-11,1.41587119e-01
,6.31204511e-03],
[9.01013669e-03,1.79120904e-05,4.65891511e-11,9.87087398e-01
,3.88455313e-03],
[1.62315682e-05,4.85430692e-07,5.49382575e-13,9.99978379e-01
,4.90399138e-06],
[8.23662305e-05,3.36180544e-05,5.36723759e-11,1.51724824e-01
,8.48159191e-01],
[8.23679387e-05,3.36184243e-05,5.36726483e-11,1.51725508e-01
,8.48158506e-01],
[8.23660765e-05,3.36180113e-05,5.36723112e-11,1.51724421e-01
,8.48159595e-01],
[8.23660725e-05,3.36180102e-05,5.36723095e-11,1.51724410e-01
,8.48159606e-01],
[1.62318056e-05,4.85443106e-07,5.49397461e-13,9.99978378e-01
,4.90427744e-06],
[8.23660724e-05,3.36180102e-05,5.36723095e-11,1.51724410e-01
,8.48159606e-01],
[8.23973661e-05,3.36249497e-05,5.36689581e-11,1.51715843e-01
,8.48168135e-01],
[1.62555624e-05,4.85668666e-07,5.49336817e-13,9.99978359e-01
,4.90004071e-06],
[1.75630926e-02,2.61049699e-05,7.41870803e-11,9.74552893e-01
,7.85790933e-03],
[1.56581883e-01,2.00026987e-01,3.24135934e-10,4.10842683e-01
,2.32548446e-01],
[8.23660724e-05,3.36180102e-05,5.36723095e-11,1.51724410e-01
,8.48159606e-01],
[4.20334380e-04,6.62313404e-05,2.20284921e-11,9.93304177e-01
,6.20925726e-03],
[1.55420859e-01,1.98171357e-01,3.24701604e-10,4.12099572e-01
,2.34308211e-01],
[8.23660724e-05,3.36180102e-05,5.36723095e-11,1.51724410e-01
,8.48159606e-01],
[1.43101928e-04,4.95865042e-06,6.32212166e-13,9.99758175e-01
,9.37644000e-05],
[3.71682548e-02,6.33357923e-06,3.52707203e-13,9.62825338e-01
,7.36809373e-08],
[1.75474556e-02,2.60787047e-05,7.41674970e-11,9.74568916e-01
,7.85754915e-03],
[2.38397508e-03,6.86959254e-06,9.52062113e-12,9.97366888e-01
,2.42267355e-04],
[8.23689505e-05,3.36187286e-05,5.36731599e-11,1.51728896e-01
,8.48155116e-01],
[1.63937678e-01,2.16964761e-01,1.63069640e-10,1.98430721e-01
,4.20666840e-01],
[1.62757912e-05,4.86186547e-07,5.50434860e-13,9.99978320e-01
,4.91810352e-06],
[3.97561796e-05,2.31696972e-06,2.86293836e-12,9.99785489e-01
,1.72438092e-04],
[9.91806056e-01,6.95639714e-03,6.04232348e-13,1.22765541e-03
,9.89110051e-06],
[1.62316047e-05,4.85431858e-07,5.49382655e-13,9.99978379e-01
,4.90400634e-06],
[8.23660724e-05,3.36180102e-05,5.36723095e-11,1.51724410e-01
,8.48159606e-01],
[6.55019745e-05,1.32940952e-06,5.33293020e-12,1.08928535e-04
,9.99824240e-01],
[8.24279191e-05,3.36353199e-05,5.36982778e-11,1.51886433e-01
,8.47997504e-01],
[5.17308239e-01,1.23759418e-03,9.97970828e-11,4.45554497e-01
,3.58996694e-02],
[1.62315712e-05,4.85430706e-07,5.49382569e-13,9.99978379e-01
,4.90399020e-06],
[8.23660724e-05,3.36180102e-05,5.36723095e-11,1.51724410e-01
,8.48159606e-01],
[8.23660727e-05,3.36180102e-05,5.36723096e-11,1.51724411e-01
,8.48159605e-01],
[3.03566703e-05,1.54506506e-05,9.33816578e-13,2.13784877e-03
,9.97816344e-01],
[6.71821640e-04,2.58487471e-05,6.97849280e-13,9.98539061e-01
,7.63268482e-04],
[2.25232711e-01,1.71053535e-01,9.74203336e-11,4.23720144e-02
,5.61341739e-01],
[8.23714239e-05,3.36112096e-05,5.36658553e-11,1.51639572e-01
,8.48244445e-01],
[8.23660725e-05,3.36180102e-05,5.36723095e-11,1.51724410e-01
,8.48159606e-01],
[8.23660726e-05,3.36180102e-05,5.36723095e-11,1.51724410e-01
,8.48159606e-01],
[8.23660725e-05,3.36180102e-05,5.36723095e-11,1.51724411e-01
,8.48159605e-01],
[1.62315669e-05,4.85430651e-07,5.49382573e-13,9.99978379e-01
,4.90399086e-06],
[8.23660988e-05,3.36180176e-05,5.36723206e-11,1.51724479e-01
,8.48159536e-01],
[1.95664718e-05,6.72528104e-07,7.75200249e-13,9.99969457e-01
,1.03042670e-05],
[8.23673050e-05,3.36164443e-05,5.36708235e-11,1.51704872e-01
,8.48179144e-01],
[5.07209380e-01,1.24517494e-03,1.01955586e-10,4.54159971e-01
,3.73854739e-02],
[5.36826861e-01,1.22077019e-03,9.56121449e-11,4.28813076e-01
,3.31392921e-02],
[8.23660724e-05,3.36180102e-05,5.36723095e-11,1.51724410e-01
,8.48159606e-01],
[8.23660724e-05,3.36180102e-05,5.36723095e-11,1.51724410e-01
,8.48159606e-01],
[5.35165307e-01,1.20854916e-03,9.45680676e-11,4.31494864e-01
,3.21312797e-02],
[8.23660821e-05,3.36180129e-05,5.36723136e-11,1.51724436e-01
,8.48159580e-01],
[8.23660756e-05,3.36180116e-05,5.36723101e-11,1.51724412e-01
,8.48159604e-01],
[7.97238572e-01,2.33240685e-03,4.35768911e-12,1.53638396e-02
,1.85065182e-01],
[2.67931545e-01,1.26983589e-03,1.52362937e-10,6.40136107e-01
,9.06625117e-02],
[8.23660724e-05,3.36180102e-05,5.36723095e-11,1.51724410e-01
,8.48159606e-01],
[9.99459301e-01,5.25453075e-04,9.33513098e-14,2.57681797e-06
,1.26694591e-05],
[8.25741145e-05,3.36762123e-05,5.37596196e-11,1.52269684e-01
