#-*- coding:utf-8 -*-

'''
共有7个类别
Created,on,Apr,18,2015

@author:,lsh
'''
a=[
[3.83227624e-02,3.77888450e-04,8.24029482e-07,7.12794243e-09
,5.36964391e-04,1.88870580e-06,9.60753879e-01,2.13447375e-06
,1.87693224e-06,1.77462864e-06],
[8.60388298e-01,1.29597046e-04,2.17315191e-03,1.79227705e-06
,4.74988882e-02,9.07900702e-06,8.97189414e-02,3.96588965e-05
,2.13501251e-05,1.92432210e-05],
[9.34821343e-01,1.67813345e-04,4.11380266e-03,3.27027512e-06
,3.70663593e-02,3.43902847e-05,2.36992382e-02,4.48200602e-05
,2.70428457e-05,2.19199989e-05],
[1.53250173e-02,7.95669122e-05,1.24819929e-07,6.89880524e-10
,1.14511034e-04,4.57657084e-07,9.84478740e-01,5.61925677e-07
,5.21678357e-07,4.98215891e-07],
[0.12283755,0.37992025,0.00593428,0.01030452,0.41333754,0.0645561
,0.00159781,0.00059993,0.00049031,0.0004217,],
[7.37410357e-08,1.00520120e-02,1.03988064e-05,9.72124121e-01
,1.58093412e-02,2.00183561e-03,1.03498297e-10,1.00711569e-06
,5.01330547e-07,7.09348246e-07],
[4.75507482e-01,6.19078973e-04,2.77011927e-01,2.01012175e-03
,2.37206832e-01,7.16750577e-03,3.93022257e-05,2.11501101e-04
,1.33098645e-04,9.31504665e-05],
[1.97701037e-02,1.16407066e-04,1.97056771e-07,1.17604315e-09
,1.60342085e-04,7.08412771e-07,9.79950048e-01,7.81420161e-07
,7.25314869e-07,6.86175483e-07],
[4.14647936e-02,8.06114871e-04,3.25751403e-06,1.12766432e-07
,3.94309687e-03,7.88738982e-06,9.53755513e-01,7.43271368e-06
,5.68177658e-06,6.10967778e-06],
[1.70970704e-02,3.00641199e-07,9.66779648e-01,2.43968626e-04
,1.58691596e-02,5.16815065e-06,4.42764248e-09,2.97646138e-06
,1.04455191e-06,6.59205336e-07],
[8.93160437e-01,2.01324396e-02,5.40686735e-04,3.98377057e-06
,2.14687942e-03,7.77371705e-02,6.03442028e-03,6.83275070e-05
,1.15689921e-04,5.99651225e-05],
[2.47547447e-01,8.30932096e-04,4.48319330e-05,2.37595594e-07
,9.26772782e-03,7.58533069e-06,7.42261010e-01,1.70389630e-05
,1.18842205e-05,1.13051431e-05],
[8.52763060e-01,3.26397085e-02,1.00798216e-03,1.51760759e-05
,5.72016848e-03,1.01559917e-01,5.90077795e-03,1.16392644e-04
,1.77810229e-04,9.90062564e-05],
[1.60416854e-02,8.09703757e-05,1.35832162e-07,7.38764878e-10
,1.21152020e-04,4.75936056e-07,9.83753928e-01,5.88083480e-07
,5.44108257e-07,5.19284061e-07],
[6.26790156e-02,8.38058766e-01,1.44949939e-04,2.00162936e-04
,6.31638117e-02,7.06063162e-04,3.47456569e-02,1.19619008e-04
,9.44467541e-05,8.75084250e-05],
[6.49841623e-02,1.83672530e-04,2.04482283e-06,8.31969135e-09
,8.14487598e-04,1.76417063e-06,9.34006847e-01,2.69720203e-06
,2.22368912e-06,2.09223415e-06],
[9.26706391e-01,1.83139104e-02,3.07339030e-04,2.24643944e-06
,2.49085082e-03,3.11301991e-02,2.08244537e-02,6.46917357e-05
,1.02589426e-04,5.73282271e-05],
[2.31978305e-02,1.12701018e-04,2.71860851e-07,1.45943698e-09
,1.99039775e-04,7.38479472e-07,9.76486925e-01,9.00924752e-07
,8.16851561e-07,7.74134561e-07],
[1.38608229e-01,2.51576730e-04,7.81395232e-06,2.39032984e-08
,1.82210015e-03,3.98830287e-06,8.59292167e-01,5.55828841e-06
,4.45909066e-06,4.08433757e-06],
[4.39371091e-13,2.11386726e-07,1.35583897e-07,9.96362216e-01
,3.63743488e-03,9.92790564e-10,5.94908945e-16,5.81447790e-10
,5.95925797e-11,1.97602250e-10],
[1.61614430e-02,9.29432941e-05,1.46868316e-07,9.11365740e-10
,1.37091587e-04,5.54664650e-07,9.83605997e-01,6.48777721e-07
,5.99011563e-07,5.74760403e-07],
[3.76092507e-02,1.17289910e-04,6.85458113e-07,2.85979473e-09
,3.65773566e-04,9.76277872e-07,9.61902243e-01,1.41170544e-06
,1.21664979e-06,1.15013030e-06],
[3.98818427e-01,5.02716725e-04,1.23132478e-04,3.63091587e-07
,1.49916942e-02,8.25041887e-06,5.85503456e-01,2.28712575e-05
,1.49798516e-05,1.41081583e-05],
[2.08079584e-05,9.03681730e-04,3.37987867e-05,5.61992503e-04
,5.21568091e-05,9.98425118e-01,1.62325792e-10,6.42872882e-07
,1.18739723e-06,6.13813879e-07],
[2.27012984e-01,2.88191814e-03,3.37713469e-05,3.71404019e-07
,8.61450760e-03,1.69377410e-05,7.61387573e-01,2.10061261e-05
,1.60662177e-05,1.48641260e-05],
[2.27519778e-01,7.16377871e-03,1.81637624e-05,4.98258207e-07
,5.26753322e-03,4.21497437e-04,7.59515976e-01,3.11945613e-05
,3.32450274e-05,2.83348222e-05],
[9.00863620e-01,1.73233180e-02,1.93423997e-04,1.64101200e-06
,3.37000290e-03,1.33374638e-02,6.46911550e-02,6.54999712e-05
,9.55593223e-05,5.83163826e-05],
[7.39604861e-01,5.51154637e-04,1.05399920e-03,2.35540912e-06
,5.19151992e-02,1.30292392e-05,2.06754185e-01,5.01652072e-05
,2.85572377e-05,2.64938328e-05],
[5.33037448e-03,1.68439359e-01,3.73732170e-03,1.40455767e-02
,8.16192984e-03,8.00131136e-01,1.74325214e-07,5.12527826e-05
,6.60844523e-05,3.67915003e-05],
[2.49408489e-02,1.77990157e-03,4.25264695e-04,4.17040297e-06
,2.79737518e-05,9.72805728e-01,1.60398274e-07,3.53109970e-06
,9.35242279e-06,3.06888643e-06],
[7.55463528e-06,2.26612951e-11,9.99936749e-01,3.56810766e-05
,1.38004057e-06,1.86323805e-05,5.76662866e-19,1.61090883e-09
,9.95914046e-10,2.63972768e-10],
[1.60838006e-02,4.80601268e-04,6.22647456e-07,3.03634707e-08
,1.40626647e-03,3.55972144e-06,9.82016921e-01,3.04132770e-06
,2.44706867e-06,2.70902036e-06],
[1.71432195e-02,9.21028229e-05,1.48463880e-07,8.35161274e-10
,1.27964456e-04,5.71519527e-07,9.82634186e-01,6.40402323e-07
,5.98616685e-07,5.67735965e-07],
[5.41814781e-01,5.32256796e-04,1.45791896e-04,3.22389127e-07
,1.06928189e-02,2.39441127e-05,4.46729908e-01,2.51537065e-05
,1.87342550e-05,1.62896464e-05],
[6.13846317e-05,9.65884730e-01,7.09317500e-05,1.02003909e-02
,2.37721898e-02,1.98984091e-06,7.20308801e-07,4.18050853e-06
,1.67889605e-06,1.80364176e-06],
[8.29630826e-03,8.98847772e-04,2.42397235e-04,2.72690310e-06
,7.98699483e-06,9.90545335e-01,1.62017085e-08,1.33859851e-06
,3.87517345e-06,1.16765564e-06],
[3.39258981e-01,2.31342923e-04,6.22356038e-05,1.12948997e-07
,7.24847617e-03,5.25520836e-06,6.53162256e-01,1.34915165e-05
,9.27371010e-06,8.57478181e-06],
[9.77638373e-01,2.22697652e-03,2.52297502e-03,6.21473512e-06
,8.59850250e-03,3.86848302e-03,4.96485978e-03,6.37528700e-05
,6.82532750e-05,4.16091958e-05],
[6.12700903e-01,1.01045685e-04,1.27994896e-01,1.29035851e-04
,2.58410117e-01,1.50027792e-05,5.19624607e-04,7.48261151e-05
,2.96222202e-05,2.49269568e-05],
[3.90557425e-03,5.73734076e-09,9.45900626e-01,1.33999273e-04
,5.00585862e-02,1.62255266e-08,3.98386157e-09,8.91143428e-07
,1.55907500e-07,1.41194643e-07],
[6.65093797e-01,9.16296359e-02,7.12409833e-04,9.25510107e-05
,7.19751115e-02,4.82389308e-02,1.21150249e-01,3.69298585e-04
,4.10829811e-04,3.27186694e-04],
[3.32230454e-20,2.29413469e-11,2.83491669e-10,9.99996364e-01
,3.63567093e-06,1.18935944e-15,7.37599526e-26,1.01361681e-14
,3.57855746e-16,1.60211941e-15],
[1.56839000e-04,7.36343402e-07,2.55616460e-01,5.35627016e-02
,6.90658541e-01,2.13539609e-07,1.55151447e-09,3.33416218e-06
,5.06025812e-07,6.66042929e-07],
[7.51098277e-01,2.01393910e-04,6.97885469e-04,7.56426222e-07
,2.71559913e-02,9.66139247e-06,2.20767605e-01,3.20377597e-05
,1.91331235e-05,1.72586786e-05],
[2.25626144e-02,4.82250016e-09,9.45432614e-01,2.05757385e-05
,3.19824293e-02,2.33638583e-08,4.21774895e-08,1.23302386e-06
,2.54615093e-07,2.08433028e-07],
[5.40889537e-05,1.18058793e-06,5.17713055e-02,7.02067036e-02
,8.77961851e-01,3.18512915e-07,4.11164514e-09,3.27152722e-06
,5.01630791e-07,7.74974256e-07],
[4.60542511e-03,4.93218485e-05,9.45357606e-01,5.24435098e-03
,7.88342096e-04,4.39468990e-02,4.02934964e-12,3.49755855e-06
,3.39702930e-06,1.16068937e-06],
[4.58321741e-01,5.03191363e-04,1.66493948e-04,4.29996768e-07
,1.69856102e-02,8.43818631e-06,5.23957665e-01,2.51089560e-05
,1.62020933e-05,1.51189412e-05],
[4.30234301e-02,2.81884102e-03,4.69946192e-04,4.35455832e-06
,4.58370009e-05,9.53612619e-01,5.68444861e-07,5.46218759e-06
,1.41354993e-05,4.80599768e-06],
[8.85886009e-01,9.23671679e-05,1.82237290e-02,1.22353536e-05
,8.94409079e-02,1.93580651e-05,6.22068014e-03,5.49607688e-05
,2.70992732e-05,2.26537245e-05],
[1.84685162e-02,4.51990524e-09,9.47390480e-01,2.53335787e-05
,3.41139684e-02,2.37575598e-08,3.26492389e-08,1.19632152e-06
,2.42808910e-07,2.01697342e-07],
[7.70993191e-01,9.96394517e-06,9.29106075e-02,1.88220764e-05
,1.35150615e-01,4.52817639e-06,8.47025140e-04,3.82032228e-05
,1.46586045e-05,1.23852590e-05],
[5.15927080e-02,4.09810880e-08,8.76661498e-01,4.35459786e-05
,7.16967191e-02,8.73322022e-08,3.34426777e-07,3.57914281e-06
,8.08392126e-07,6.79180819e-07],
[9.21667524e-01,1.93595891e-02,3.43138422e-04,2.54951367e-06
,2.36760097e-03,4.02169223e-02,1.58118122e-02,6.57995798e-05
,1.06630189e-04,5.84335029e-05],
[4.20740623e-01,5.00465658e-03,2.26888615e-05,1.63557886e-07
,2.21719645e-03,3.80834144e-04,5.71563347e-01,2.30069734e-05
,2.72490042e-05,2.02343939e-05],
[3.91545862e-01,4.65382107e-03,4.24452186e-05,3.88210645e-07
,5.58375211e-03,1.51507214e-04,5.97940605e-01,2.95081637e-05
,2.87154215e-05,2.33958466e-05],
[1.59317537e-02,8.23535654e-05,1.34489821e-07,7.42760479e-10
,1.20922280e-04,4.78871192e-07,9.83862703e-01,5.88218107e-07
,5.44722994e-07,5.19945690e-07],
[8.39549961e-01,3.58475192e-04,2.83917429e-03,4.50957415e-06
,7.43732876e-02,1.25088740e-05,8.27480183e-02,5.67802722e-05
,2.99629036e-05,2.73218352e-05],
[1.07385890e-01,1.55870291e-07,7.75746091e-01,6.20731113e-05
,1.16791590e-01,3.80654423e-07,1.79594638e-06,8.17638778e-06
,2.08396610e-06,1.76291692e-06],
[4.77117642e-01,2.90692070e-04,1.50912827e-04,2.61532723e-07
,1.29178857e-02,7.53960586e-06,5.09468259e-01,2.06974423e-05
,1.36066981e-05,1.25030618e-05],
[8.14365607e-01,1.06477962e-01,5.91743123e-04,1.93021421e-05
,9.77893694e-03,4.51305604e-02,2.31446477e-02,1.50784571e-04
,2.11269516e-04,1.29186193e-04],
[6.82022747e-01,3.38787027e-04,5.60520468e-04,1.05649349e-06
,3.15710118e-02,1.64932578e-05,2.85404395e-01,3.88704022e-05
,2.40230107e-05,2.20956219e-05],
[2.55850553e-01,1.51387265e-01,3.56515367e-04,7.30212401e-05
,1.82682044e-01,1.01082321e-04,4.09149545e-01,1.77131602e-04
,1.09499684e-04,1.13342485e-04],
[9.37729277e-02,1.70719278e-04,4.07167481e-06,1.27348751e-08
,1.23193022e-03,2.09672616e-06,9.04808991e-01,3.64427222e-06
,2.89443726e-06,2.71152836e-06],
[1.27372118e-01,5.22812040e-03,1.15144071e-03,8.82400628e-06
,1.80252297e-04,8.65994658e-01,3.73215208e-06,1.47083795e-05
,3.37358928e-05,1.24107539e-05],
[7.19972910e-13,4.47722309e-07,2.39078698e-06,9.99952420e-01
,5.32207107e-06,3.94192065e-05,2.37700061e-21,1.52575020e-10
,6.65900691e-11,6.27117706e-11],
[2.19498430e-02,1.17668810e-04,2.17211605e-07,1.20489117e-09
,1.60834461e-04,8.68691151e-07,9.77768216e-01,8.31252302e-07
,7.85130099e-07,7.33868971e-07],
[1.88213063e-02,9.21861759e-05,1.85653233e-07,9.98338390e-10
,1.52228925e-04,5.60708120e-07,9.80931561e-01,7.07690254e-07
,6.46433296e-07,6.16033810e-07],
[3.19690879e-02,1.13094019e-04,5.11732536e-07,2.30248601e-09
,3.04451496e-04,8.53266468e-07,9.67608723e-01,1.21454723e-06
,1.05798940e-06,1.00352964e-06],
[6.95836150e-02,4.48011221e-02,9.31243338e-06,1.34056976e-06
,1.10198081e-02,1.63909053e-05,8.74509199e-01,2.34287308e-05
,1.77969031e-05,1.79858695e-05],
[3.01691713e-02,2.28292740e-04,3.86108393e-07,2.63092925e-09
,2.52468579e-04,1.68699647e-06,9.69344247e-01,1.32340272e-06
,1.25998178e-06,1.16108423e-06],
[2.42907857e-02,1.24297609e-04,2.64879036e-07,1.43441186e-09
,1.85106349e-04,9.44822696e-07,9.75395994e-01,9.27221393e-07
,8.67417767e-07,8.10304713e-07],
[1.27133049e-02,4.53408789e-09,9.66140130e-01,3.13313108e-05
,2.11138366e-02,4.91349562e-08,9.12561432e-09,9.57653666e-07
,2.12014735e-07,1.64739288e-07],
[5.13776457e-01,4.12830201e-04,4.17265308e-01,5.15286553e-04
,1.24851568e-02,5.53776000e-02,6.69328368e-07,6.82825281e-05
,6.79630611e-05,3.04470676e-05],
[2.75534419e-02,4.81524280e-04,5.68789708e-07,7.25497766e-09
,5.13189808e-04,1.32641443e-06,9.71444914e-01,1.86590497e-06
,1.60363166e-06,1.55841293e-06],
[2.99316133e-02,4.22163784e-04,6.65674921e-07,7.65840440e-09
,5.61718550e-04,1.36970157e-06,9.69077191e-01,1.96785624e-06
,1.67382546e-06,1.62901049e-06],
[2.45122359e-01,3.84755407e-07,6.37043600e-01,4.02421294e-05
,1.17765053e-01,7.13286800e-07,8.33993310e-06,1.27255346e-05
,3.62057064e-06,2.96187893e-06],
[3.01153409e-02,1.27941419e-04,4.04249297e-07,1.97160916e-09
,2.46552016e-04,1.05465681e-06,9.69505556e-01,1.13932948e-06
,1.03890155e-06,9.70574588e-07],
[4.45474276e-01,2.50220769e-03,3.33039373e-05,1.63717120e-07
,2.97366855e-03,1.84732305e-04,5.48768164e-01,2.20179050e-05
,2.34309049e-05,1.80356064e-05],
[1.75766065e-02,9.33902025e-05,1.52285946e-07,8.44985920e-10
,1.28482733e-04,5.95710289e-07,9.82198933e-01,6.50933870e-07
,6.10498130e-07,5.77391978e-07],
[3.72830944e-01,1.81578301e-01,9.75960057e-04,1.44251478e-04
,2.42836790e-01,1.41603605e-04,2.00974104e-01,2.35169934e-04
,1.42847463e-04,1.40027839e-04],
[6.34871847e-01,2.65947307e-04,3.00124971e-01,3.49908358e-04
,6.29118697e-02,1.29002333e-03,1.59349342e-05,8.38060933e-05
,5.34866637e-05,3.22058004e-05],
[4.41392575e-02,3.26958047e-04,1.27760372e-06,1.17459843e-08
,8.25883741e-04,2.86629080e-06,9.54696122e-01,2.83827238e-06
,2.43448860e-06,2.35008856e-06],
[9.21690327e-02,2.41394111e-04,4.55099268e-06,1.84441712e-08
,1.52920985e-03,2.26694313e-06,9.06042911e-01,4.21151317e-06
,3.28789713e-06,3.11612970e-06],
[2.94084599e-02,2.61364212e-04,4.60733019e-07,4.37920390e-09
,3.53371844e-04,2.60592674e-06,9.69968997e-01,1.67078780e-06
,1.57652843e-06,1.48836283e-06],
[3.61023260e-02,1.36287516e-03,1.38602704e-06,3.64067602e-08
,1.42055323e-03,3.52670945e-06,9.61098223e-01,4.17247293e-06
,3.45366917e-06,3.44708426e-06],
[2.11415512e-01,1.15676830e-03,1.17929264e-01,3.08238005e-03
,6.65369524e-01,5.10633207e-04,1.64562746e-04,1.98974499e-04
,9.12761596e-05,8.11052455e-05],
[8.27684984e-01,1.06011301e-02,1.10137482e-04,7.27804022e-07
,3.17183143e-03,3.74528976e-03,1.54528034e-01,4.90491662e-05
,6.59292168e-05,4.28866673e-05],
[9.29182235e-01,1.95343196e-04,2.36828021e-02,1.93362762e-05
,4.51252771e-02,1.75490799e-04,1.49242788e-03,6.11029083e-05
,3.85205766e-05,2.74640897e-05],
[9.71243807e-04,1.99724043e-01,1.83629612e-02,4.59183223e-02
,7.69540529e-04,7.34225498e-01,5.57673372e-11,9.55749825e-06
,1.37290373e-05,5.10409620e-06],
[8.98519563e-01,8.47031191e-03,5.37557235e-03,3.19621567e-05
,7.17870298e-03,7.94332725e-02,6.71921893e-04,1.03790190e-04
,1.40933599e-04,7.39699340e-05],
[4.24340416e-02,5.70346360e-07,9.51096266e-01,1.36102714e-04
,6.23874325e-03,8.69368699e-05,4.86871369e-09,4.13511482e-06
,2.10692900e-06,1.09239478e-06],
[1.40391839e-03,1.46807654e-07,9.86912978e-01,2.50318122e-04
,4.52833139e-05,1.13867229e-02,3.96970537e-14,2.72964151e-07
,2.81159637e-07,7.86828924e-08],
[4.42519269e-02,1.66555608e-04,1.31277116e-06,7.80357152e-09
,7.63575218e-04,1.53598111e-06,9.54809067e-01,2.30276717e-06
,1.87990241e-06,1.83642472e-06],
[2.88316677e-11,1.32160780e-09,4.31148137e-05,9.94826315e-01
,5.13020415e-03,3.61065112e-07,7.52400636e-17,2.80449171e-09
,4.10664243e-10,8.89826083e-10],
[7.26595487e-01,2.26765988e-04,5.52128722e-04,6.42923111e-07
,2.33302812e-02,1.09045981e-05,2.49217152e-01,3.06930260e-05
,1.89583327e-05,1.69871536e-05],
[1.55857527e-02,8.47998754e-05,1.32511658e-07,7.73709565e-10
,1.23078083e-04,4.99322836e-07,9.84204060e-01,5.95657667e-07
,5.52185325e-07,5.28528679e-07],
[7.31823398e-07,6.34326847e-03,1.23033492e-07,3.02363189e-02
,9.62449273e-01,6.87761860e-05,8.79228645e-04,9.15917330e-06
,2.95145445e-06,1.01689714e-05],
[1.27752378e-02,3.47954747e-09,9.55487622e-01,3.03880983e-05
,3.17053551e-02,2.13681100e-08,1.67020823e-08,9.93766227e-07
,1.97003159e-07,1.64600771e-07],
[1.77715069e-01,2.39645575e-07,7.31799120e-01,4.16251376e-05
,9.04258908e-02,6.43193540e-07,3.07028500e-06,9.51455583e-06
,2.68610989e-06,2.14188704e-06],
[2.43031467e-01,1.10878014e-01,1.14511937e-04,3.88900599e-05
,7.36918582e-02,3.52895156e-03,5.68153578e-01,2.00250981e-04
,1.84603624e-04,1.77873703e-04],
[1.08691790e-01,4.61832549e-07,7.40829687e-01,1.00571651e-04
,1.50359597e-01,3.60563798e-07,2.39999529e-06,1.03187744e-05
,2.59493353e-06,2.21855065e-06],
[2.22274285e-01,3.21660193e-04,3.51842488e-05,1.30077787e-07
,7.25731634e-03,6.18275040e-06,7.70074509e-01,1.29662450e-05
,9.04223699e-06,8.72317060e-06],
[5.69906212e-01,1.58986051e-01,8.08499708e-03,5.89084353e-04
,3.16702737e-02,2.29260396e-01,6.16314746e-04,2.97088287e-04
,3.73969532e-04,2.15612760e-04],
[9.06713376e-02,2.11839708e-03,4.00981390e-06,8.03556096e-08
,2.01557369e-03,3.40524206e-05,9.05130027e-01,9.33568860e-06
,8.99722373e-06,8.18936707e-06],
[1.52790272e-02,3.68079103e-03,3.08073937e-04,1.41465943e-05
,8.86123926e-05,9.80604101e-01,4.16776739e-07,5.85894189e-06
,1.36467915e-05,5.32523372e-06],
[1.92612517e-07,9.84740754e-01,8.21220407e-07,1.46067476e-02
,6.31028538e-04,1.99283220e-05,7.97159401e-10,2.35758269e-07
,1.44027355e-07,1.46791047e-07],
[1.31581379e-02,2.33971202e-06,8.69764374e-01,4.23453322e-03
,1.12697847e-01,1.18594058e-04,1.88369046e-08,1.46662198e-05
,5.38217615e-06,4.10664039e-06],
[4.58902516e-07,2.22931525e-08,1.27986029e-02,3.09389698e-01
,6.77810634e-01,6.13503624e-08,1.85007795e-11,3.92380301e-07
,4.21004914e-08,8.77915882e-08],
[6.35041870e-02,2.07290132e-04,1.58196397e-06,6.69184952e-09
,6.15359248e-04,2.50131477e-06,9.35662274e-01,2.52864312e-06
,2.22755057e-06,2.04316608e-06],
[4.76511825e-01,2.17790859e-06,3.39037312e-01,4.08086098e-05
,1.84275041e-01,1.54149667e-06,8.94714132e-05,2.65160859e-05
,8.26915441e-06,7.03807803e-06],
[1.11125389e-07,9.97386681e-01,9.49501760e-08,1.88194506e-03
,7.30811112e-04,1.29052345e-07,2.04567223e-08,1.04048126e-07
,4.46870401e-08,5.87916064e-08],
[1.05806417e-02,5.84723119e-04,3.53845714e-07,2.63202200e-08
,1.15824216e-03,2.56287593e-06,9.87666871e-01,2.42632486e-06
,1.94536873e-06,2.20770654e-06],
[5.48812995e-04,9.89713223e-01,5.49263104e-06,1.52604879e-04
,9.08546532e-03,4.83692412e-06,4.75841652e-04,6.20326379e-06
,3.62482611e-06,3.89479255e-06],
[1.03414836e-06,9.97934036e-01,8.88735228e-07,1.57787739e-03
,4.84077493e-04,1.60248096e-06,1.09364076e-08,2.23484433e-07
,1.26460703e-07,1.22560263e-07],
[5.07159784e-05,9.94205360e-01,6.68618248e-06,9.27102868e-04
,4.79918902e-03,3.05725530e-06,3.46479318e-06,2.12997377e-06
,1.12931790e-06,1.16456841e-06],
[7.83660478e-07,9.99065187e-01,1.08714601e-07,2.55242729e-04
,6.77916856e-04,4.21980280e-08,4.29333270e-07,1.45894378e-07
,6.40088503e-08,7.99632517e-08],
[2.41584508e-04,9.92731978e-01,6.12480700e-06,2.85922361e-04
,6.64812117e-03,4.85203931e-06,7.22568316e-05,4.20653726e-06
,2.42716094e-06,2.52637312e-06],
[1.71416401e-05,9.72491510e-01,3.20464953e-05,1.50759085e-02
,1.23737843e-02,4.69352095e-06,1.34352797e-07,2.49959987e-06
,1.10538949e-06,1.17567878e-06],
[5.51182895e-07,9.98832976e-01,8.74746350e-08,3.29622001e-04
,8.36007833e-04,3.38194853e-08,4.41951777e-07,1.41985230e-07
,5.92254062e-08,7.82111438e-08],
[5.67661345e-11,1.63859304e-05,5.82692216e-07,9.44978393e-01
,1.25107004e-04,5.48794992e-02,3.67088055e-16,1.19719253e-08
,8.93530024e-09,1.08582817e-08],
[1.42611917e-05,9.80079477e-01,1.24919064e-06,2.35326466e-03
,1.75142792e-02,4.91174572e-06,2.57538552e-05,3.16556786e-06
,1.49818148e-06,2.13887977e-06],
[3.08602839e-04,9.75204409e-01,1.73816091e-04,7.49483406e-03
,1.67394038e-02,5.84306295e-05,1.14956322e-06,9.33748800e-06
,5.31232018e-06,4.70468177e-06],
[8.00226724e-07,9.99034159e-01,9.69678382e-08,2.30043536e-04
,7.33977075e-04,3.29504036e-08,5.99795598e-07,1.47169192e-07
,6.31418483e-08,8.06245408e-08],
[5.19135704e-06,9.09470966e-01,4.19790940e-05,5.14182122e-02
,3.90605227e-02,1.55853434e-07,6.59465404e-08,1.76525163e-06
,4.94899098e-07,6.46686455e-07],
[1.72296758e-06,9.94279996e-01,1.55021968e-06,2.63944802e-03
,3.07630114e-03,1.15430047e-07,1.15203492e-07,4.06612916e-07
,1.55404972e-07,1.89372411e-07],
[1.13858059e-06,9.98880540e-01,1.80329824e-07,3.37134544e-04
,7.80142395e-04,9.17760915e-08,3.83075301e-07,1.93352730e-07
,8.88101592e-08,1.06919123e-07],
[7.06466209e-07,9.98980303e-01,1.77081240e-07,4.24042835e-04
,5.94262270e-04,8.42311858e-08,1.32715752e-07,1.45976146e-07
,6.69555538e-08,7.87349570e-08],
[1.20872812e-17,6.64143387e-09,1.14448940e-09,9.99958919e-01
,4.10735597e-05,6.38889865e-14,8.32940352e-22,5.77950757e-13
,2.99332586e-14,1.20844239e-13],
[5.46798470e-07,9.99115446e-01,2.03068196e-07,5.17307824e-04
,3.66023303e-04,1.86924671e-07,3.68580604e-08,1.21386878e-07
,6.12160042e-08,6.64690858e-08],
[1.11878710e-13,4.93421683e-02,4.89410445e-11,9.48703608e-01
,1.95421485e-03,4.85460071e-09,2.57962844e-12,1.81446599e-09
,3.28596779e-10,1.34543607e-09],
[2.78700065e-01,1.26762579e-03,6.16212237e-05,3.81091344e-07
,1.22394561e-02,8.79838619e-06,7.07672172e-01,2.13488599e-05
,1.46322381e-05,1.38996016e-05],
[7.80455276e-07,9.99039293e-01,1.03251418e-07,2.47485554e-04
,7.11514762e-04,3.70071749e-08,4.96279723e-07,1.46326807e-07
,6.33289529e-08,8.00780295e-08],
[7.48845945e-07,9.99075906e-01,1.10031249e-07,2.65299118e-04
,6.57232827e-04,4.38256146e-08,3.75613314e-07,1.42674692e-07
,6.28114025e-08,7.81136368e-08],
[6.29609171e-07,9.99149392e-01,1.46520630e-07,3.66428085e-04
,4.82934998e-04,8.97692031e-08,1.16293843e-07,1.29935488e-07
,6.12785903e-08,7.11992601e-08],
[9.60222243e-06,9.94179545e-01,3.86167179e-06,1.95024084e-03
,3.85328847e-03,9.90634058e-07,4.69007608e-07,1.01290469e-06
,4.71546951e-07,5.18086655e-07],
[7.63472883e-07,9.99017300e-01,1.01010877e-07,2.51268072e-04
,7.29729980e-04,3.60437311e-08,5.11586847e-07,1.46688225e-07
,6.31597718e-08,8.03366870e-08],
[1.66563567e-02,4.28023168e-03,7.16079629e-04,1.73701767e-05
,5.11032213e-05,9.78259572e-01,6.60069794e-08,4.53886549e-06
,1.09732307e-05,3.70862529e-06],
[6.67799588e-07,9.99038590e-01,1.74357785e-07,4.24725965e-04
,5.35357492e-04,9.53563655e-08,1.08559858e-07,1.39396451e-07
,6.51189311e-08,7.55717155e-08],
[3.86330355e-07,9.98857908e-01,1.09338204e-07,5.22830787e-04
,6.18331679e-04,7.28957065e-08,1.12309573e-07,1.24429382e-07
,5.53662745e-08,6.89420454e-08],
[1.02788024e-05,9.84887049e-01,6.15481345e-06,8.42487037e-03
,6.62391854e-03,4.21172799e-05,3.08222037e-07,2.40679266e-06
,1.38622964e-06,1.51045328e-06],
[3.65779562e-07,9.98894722e-01,1.68215792e-07,6.95641523e-04
,4.08663502e-04,1.77365277e-07,2.92258530e-08,1.13919027e-07
,5.57208313e-08,6.29064014e-08],
[8.67360258e-01,2.64167440e-03,4.49353908e-02,1.93876688e-04
,8.23205287e-02,1.63463294e-03,5.91678638e-04,1.47371430e-04
,1.04368053e-04,7.02208405e-05],
[6.55724356e-07,9.99141677e-01,1.37514366e-07,3.40265754e-04
,5.16768969e-04,7.65339583e-08,1.51251310e-07,1.32690457e-07
,6.16387632e-08,7.26957500e-08],
[8.84869178e-02,2.09936967e-04,3.58993202e-06,1.30453116e-08
,1.16070742e-03,2.34879693e-06,9.10127147e-01,3.64040794e-06
,2.94793723e-06,2.75095519e-06],
[6.16587846e-08,9.70187234e-01,4.64024699e-06,2.92229876e-02
,1.74998067e-05,5.67450978e-04,8.94496922e-14,4.83804433e-08
,4.98736997e-08,2.70724770e-08],
[3.08011332e-04,2.63616111e-02,3.97025648e-02,4.22444865e-01
,5.11155477e-01,2.47123673e-06,1.94052852e-08,1.66306400e-05
,4.04239525e-06,4.30723446e-06],
[1.70740356e-02,8.45088136e-01,1.70695059e-05,4.77470049e-05
,3.77227651e-02,2.07886144e-05,9.99371474e-02,3.93863603e-05
,2.53132484e-05,2.76116357e-05],
[6.11081588e-07,9.99146349e-01,1.57402877e-07,3.95418234e-04
,4.57008923e-04,1.04428343e-07,9.12147668e-08,1.28199472e-07
,6.12766152e-08,7.02067808e-08],
[7.31675242e-07,9.99058588e-01,1.25157775e-07,3.03123581e-04
,6.36815196e-04,5.28347335e-08,2.78294088e-07,1.43191076e-07
,6.37961950e-08,7.81036603e-08],
[7.11114710e-07,9.47988689e-01,5.00738381e-06,4.10144502e-02
,1.09894376e-02,4.47859775e-07,1.53093725e-08,6.93874597e-07
,2.34537545e-07,3.12589630e-07],
[6.73842773e-07,9.99129122e-01,1.34613552e-07,3.30480692e-04
,5.39073683e-04,7.11462931e-08,1.73137969e-07,1.34999894e-07
,6.22147873e-08,7.39338487e-08],
[1.27325855e-07,9.91449853e-01,2.42467953e-06,8.44142639e-03
,2.88114305e-05,7.72192563e-05,1.82448325e-12,5.63955221e-08
,5.03112966e-08,3.08925457e-08],
[8.72677665e-07,9.98900797e-01,1.09045942e-07,2.49363179e-04
,8.47833282e-04,3.08604450e-08,6.81584508e-07,1.59409720e-07
,6.70323362e-08,8.64115868e-08],
[3.25778238e-11,4.76537804e-01,4.17840703e-09,5.21825659e-01
,1.63631443e-03,1.86828046e-07,1.12777931e-11,1.64514386e-08
,4.78536084e-09,1.08592161e-08],
[5.81759152e-01,5.35528014e-03,5.07695503e-02,5.91115141e-04
,3.59347966e-01,1.57960599e-04,1.64102675e-03,1.97705728e-04
,9.84858647e-05,8.17579074e-05],
[1.68315098e-01,1.87648903e-01,4.33325563e-03,2.11692636e-03
,6.23557890e-01,5.22358324e-04,1.27755177e-02,3.47252221e-04
,1.91636494e-04,1.91161554e-04],
[2.26328436e-02,5.70034595e-08,9.67562290e-01,6.48888355e-05
,9.73461425e-03,2.36180439e-06,5.08638603e-09,1.88546622e-06
,6.51215184e-07,4.02357393e-07],
[5.66175495e-07,9.98769204e-01,8.93094331e-08,3.44544706e-04
,8.84793264e-04,3.65660504e-08,4.72795327e-07,1.48800547e-07
,6.20967237e-08,8.23782617e-08],
[1.54059409e-02,9.48287498e-01,3.18657326e-05,8.40388783e-05
,2.19248121e-02,9.51999522e-05,1.40793870e-02,3.71908269e-05
,2.77429045e-05,2.63238680e-05],
[1.49843310e-08,4.81802984e-01,2.94559891e-06,5.12939854e-01
,2.18487744e-04,5.03533814e-03,2.67733258e-13,1.46613780e-07
,1.26589833e-07,1.02522788e-07],
[5.49935245e-07,9.98794082e-01,3.43257095e-07,8.40307469e-04
,3.64106811e-04,3.27534879e-07,1.50774265e-08,1.30288009e-07
,6.73895537e-08,6.98082402e-08],
[1.08884984e-05,9.97493695e-01,7.87090454e-07,3.13490809e-04
,2.17508837e-03,3.52760836e-07,4.23479018e-06,7.13378241e-07
,3.47442965e-07,4.01920737e-07],
[1.29989006e-06,9.98639395e-01,1.66478191e-07,2.91916175e-04
,1.06593273e-03,4.38099208e-08,8.38164132e-07,2.07987869e-07
,8.81687188e-08,1.12060654e-07],
[7.86308507e-07,9.98987544e-01,1.12766080e-07,2.75496094e-04
,7.35270863e-04,4.24767421e-08,4.46537064e-07,1.51849948e-07
,6.59987968e-08,8.31199389e-08],
[8.31086285e-07,9.98996197e-01,9.50902454e-08,2.22910551e-04
,7.78926127e-04,2.99728334e-08,7.12207952e-07,1.50900941e-07
,6.40366430e-08,8.25725160e-08],
[3.65569255e-07,9.98229012e-01,1.21886318e-07,7.61326315e-04
,1.00867563e-03,5.44451016e-08,1.55649490e-07,1.47517650e-07
,6.04806309e-08,8.02057805e-08],
[1.55286895e-06,9.98832605e-01,1.84985925e-07,2.81045241e-04
,8.83358307e-04,9.35504166e-08,7.05930855e-07,2.24852127e-07
,1.03628119e-07,1.25705455e-07],
[8.39482076e-07,9.98941506e-01,1.18632264e-07,2.72669217e-04
,7.84020532e-04,3.76975978e-08,5.00216624e-07,1.56292090e-07
,6.69634887e-08,8.47433041e-08],
[6.36183846e-07,9.98839921e-01,2.53881954e-07,6.33054232e-04
,5.25640999e-04,1.50869736e-07,5.13045106e-08,1.44763343e-07
,6.90809044e-08,7.74007101e-08],
[6.74198878e-07,9.99048356e-01,1.58858468e-07,3.91686634e-04
,5.58625540e-04,8.18456986e-08,1.36533045e-07,1.39680160e-07
,6.44413969e-08,7.58694151e-08],
[6.30129639e-07,9.98620447e-01,2.04113480e-07,6.68754376e-04
,7.09369200e-04,1.54060556e-07,1.00434762e-07,1.68716181e-07
,7.86073238e-08,9.32399244e-08],
[7.15996198e-07,9.99028031e-01,1.00497799e-07,2.63730343e-04
,7.06656317e-04,3.83091431e-08,4.44231233e-07,1.43219819e-07
,6.19700021e-08,7.85688444e-08],
[6.78247236e-07,9.97221715e-01,1.10880334e-06,2.42744227e-03
,3.46107372e-04,2.56224170e-06,2.48287850e-09,1.80203836e-07
,1.06366118e-07,9.72708901e-08],
[1.09526444e-07,9.97092146e-01,4.98183173e-08,1.42359511e-03
,1.48368634e-03,3.45920075e-08,1.44577374e-07,1.20829437e-07
,4.44346789e-08,6.86515294e-08],
[1.92813346e-07,9.95000119e-01,1.57743903e-06,4.92035204e-03
,5.86790144e-05,1.89123937e-05,1.88418771e-11,7.25759485e-08
,5.58850073e-08,3.93179586e-08],
[4.06889716e-07,9.98892071e-01,2.19914428e-07,7.54439879e-04
,3.52346474e-04,2.60558285e-07,1.84067801e-08,1.15190401e-07
,5.87364557e-08,6.32452054e-08],
[7.82230752e-07,9.99042353e-01,1.05449943e-07,2.50779306e-04
,7.05177152e-04,3.80595053e-08,4.75351956e-07,1.46339606e-07
,6.34924089e-08,8.00292266e-08],
[1.96588207e-09,6.34909032e-01,2.91441579e-08,3.43417609e-01
,2.16724308e-02,4.82187176e-07,7.44662421e-09,2.07655820e-07
,5.71205551e-08,1.42002495e-07],
[5.44344715e-04,9.80480638e-01,8.38874652e-06,2.65308498e-04
,1.81071855e-02,2.08108281e-06,5.76605576e-04,7.42817236e-06
,3.72151528e-06,4.29838296e-06],
[8.44098407e-07,9.98949767e-01,1.02172875e-07,2.39019585e-04
,8.09252914e-04,3.12149235e-08,6.77733626e-07,1.55018094e-07
,6.56049133e-08,8.45043646e-08],
[5.48812995e-04,9.89713223e-01,5.49263104e-06,1.52604879e-04
,9.08546532e-03,4.83692412e-06,4.75841652e-04,6.20326379e-06
,3.62482611e-06,3.89479255e-06],
[7.71240423e-07,9.98998276e-01,1.12602464e-07,2.82116202e-04
,7.17958280e-04,4.68711430e-08,4.17365836e-07,1.51665731e-07
,6.65200912e-08,8.34531356e-08],
[3.84975100e-05,9.95606279e-01,9.97878966e-07,2.18128858e-04
,4.08860871e-03,9.35178011e-07,4.31142795e-05,1.60985559e-06
,8.35480121e-07,9.92861382e-07],
[6.11800974e-07,9.99127515e-01,1.67579741e-07,4.18129811e-04
,4.53119108e-04,1.13392970e-07,8.11762194e-08,1.29129781e-07
,6.20353539e-08,7.05881156e-08],
[1.49046638e-06,9.98679012e-01,1.98070997e-07,3.44363377e-04
,9.73683369e-04,1.19163120e-07,6.44017071e-07,2.41581860e-07
,1.11703497e-07,1.36327254e-07],
[8.68959963e-07,9.98934627e-01,1.08486521e-07,2.46513898e-04
,8.16888679e-04,3.25572099e-08,6.50199866e-07,1.57755082e-07
,6.68723177e-08,8.57579448e-08],
[3.59981636e-05,9.86422599e-01,6.36034509e-06,2.55977658e-03
,1.09557580e-02,7.55437578e-06,4.95758775e-06,3.33086383e-06
,1.70125903e-06,1.96375792e-06],
[4.23182292e-05,9.85587808e-01,6.83656694e-06,1.31289210e-03
,1.30355850e-02,3.78188111e-07,9.75673618e-06,2.34145968e-06
,9.40893593e-07,1.14251731e-06],
[2.07133524e-07,9.98233592e-01,1.03593479e-07,1.04636994e-03
,7.19347394e-04,9.60482750e-08,5.04646480e-08,1.17311986e-07
,5.08404225e-08,6.55987833e-08],
[7.31909974e-07,9.99001659e-01,9.55140672e-08,2.51248332e-04
,7.45405873e-04,3.39752922e-08,5.37905956e-07,1.45327339e-07
,6.21325882e-08,7.97263771e-08],
[1.23189944e-16,2.08498629e-03,1.68983792e-12,9.97875932e-01
,3.90799375e-05,1.81591230e-09,1.22681032e-16,2.69043506e-11
,5.18378790e-12,2.06231717e-11],
[3.84093391e-07,9.97852147e-01,1.26694969e-07,1.00769610e-03
,1.13896554e-03,1.43289246e-07,1.64140842e-07,1.85041425e-07
,8.06710361e-08,1.07058323e-07],
[6.83458373e-07,9.99136526e-01,1.61634885e-07,3.78416846e-04
,4.83717803e-04,1.06013003e-07,1.12043029e-07,1.36254743e-07
,6.51230534e-08,7.48341712e-08],
[6.79183284e-07,9.99126107e-01,1.32625559e-07,3.24830136e-04
,5.47727719e-04,6.81132737e-08,1.83781926e-07,1.35471509e-07
,6.21764518e-08,7.41564146e-08],
[2.80540001e-04,9.94491989e-01,2.74970146e-05,1.32443860e-03
,3.32597345e-03,5.31264924e-04,2.29754276e-06,6.33082686e-06
,5.38049507e-06,4.28806943e-06],
[4.24097447e-07,9.98470473e-01,5.24973458e-07,1.32609997e-03
,2.00984349e-04,1.25408538e-06,2.18766361e-09,1.10903255e-07
,6.58491957e-08,6.03345972e-08],
[1.00537241e-06,9.98701649e-01,1.61292800e-07,3.35564758e-04
,9.60705256e-04,4.25050553e-08,5.14015877e-07,1.83107140e-07
,7.73571557e-08,9.77860580e-08],
[2.23102178e-06,9.96121023e-01,1.53721056e-06,1.96464799e-03
,1.90930684e-03,3.53509388e-07,9.18170370e-08,4.16131670e-07
,1.84866949e-07,2.07218919e-07],
[1.27760705e-06,9.98728940e-01,1.26929421e-07,2.46181057e-04
,1.02182954e-03,5.00267075e-08,1.17851017e-06,2.09099721e-07
,9.07086029e-08,1.16849169e-07],
[8.79601795e-07,9.98897160e-01,1.10571681e-07,2.51184775e-04
,8.49643235e-04,3.13318469e-08,6.75944571e-07,1.60246740e-07
,6.74419014e-08,8.68422364e-08],
[6.36183846e-07,9.98839921e-01,2.53881954e-07,6.33054232e-04
,5.25640999e-04,1.50869736e-07,5.13045106e-08,1.44763343e-07
,6.90809044e-08,7.74007101e-08],
[7.83759534e-07,9.98803983e-01,2.28218403e-07,5.22912722e-04
,6.71543492e-04,1.04388107e-07,1.18111883e-07,1.63660855e-07
,7.50458052e-08,8.75916151e-08],
[4.26773161e-07,9.98431713e-01,9.07404938e-08,4.99691779e-04
,1.06739411e-03,3.35829728e-08,3.61545147e-07,1.48166114e-07
,5.92774321e-08,8.11765076e-08],
[5.96036205e-06,9.94133006e-01,1.49214813e-05,5.10683874e-03
,2.22793858e-04,5.15003087e-04,4.83995406e-10,5.79284806e-07
,5.49459080e-07,3.47396579e-07],
[1.03589722e-13,2.62091149e-03,1.68973937e-09,9.97308872e-01
,7.02746418e-06,6.31866878e-05,6.05120926e-18,3.46444511e-10
,2.00108760e-10,2.81752801e-10],
[0.07515853,0.38526483,0.000471,0.00299276,0.31750967,0.19044508
,0.02640108,0.00059694,0.00057955,0.00058057],
[1.27545059e-06,9.94336572e-01,2.78659206e-06,4.36110717e-03
,1.29704541e-03,6.00068591e-07,8.58926842e-09,3.13649057e-07
,1.43900419e-07,1.47327188e-07],
[6.44994747e-06,9.97069841e-01,1.89161226e-06,1.04489052e-03
,1.87440161e-03,8.82193049e-07,3.37113914e-07,6.42220765e-07
,3.21654845e-07,3.41735773e-07],
[2.50156896e-09,9.50166741e-01,1.44995503e-08,4.54115338e-02
,4.42147092e-03,7.36315693e-08,6.49815279e-09,8.15694023e-08
,2.41263097e-08,5.13163094e-08],
[1.09478351e-09,5.22235915e-01,1.68211592e-08,4.40313411e-01
,3.74500483e-02,2.09040001e-07,1.41590548e-08,1.99862916e-07
,4.79210890e-08,1.37576079e-07],
[4.89104623e-06,9.97578352e-01,3.65255892e-06,1.89916856e-03
,4.88630210e-04,2.41098889e-05,1.12461046e-08,5.14604954e-07
,3.69215389e-07,3.00848235e-07],
[9.01057094e-01,1.58880996e-02,1.04259008e-03,1.41146328e-05
,2.56991979e-02,3.49015928e-03,5.24506647e-02,1.31878288e-04
,1.31413650e-04,9.47878992e-05],
[3.22996111e-07,9.98593835e-01,7.54830493e-08,5.22088481e-04
,8.83142121e-04,3.99099564e-08,2.41935880e-07,1.29177703e-07
,5.30077163e-08,7.20455197e-08],
[7.71971402e-07,9.98992521e-01,9.61051052e-08,2.41425213e-04
,7.64258909e-04,3.23039712e-08,6.01736513e-07,1.48115051e-07
,6.30748797e-08,8.11224551e-08],
[5.83962675e-03,4.80298832e-02,7.38220740e-02,1.01662463e-01
,7.70531105e-01,1.23747714e-05,1.17859553e-06,6.34466560e-05
,1.92059844e-05,1.86415930e-05],
[8.21703634e-07,9.95304604e-01,7.02031113e-07,2.58571091e-03
,2.10733242e-03,1.77162620e-07,7.42869590e-08,3.01776787e-07
,1.22705100e-07,1.52555514e-07],
[3.16745356e-06,9.97701072e-01,2.48173705e-06,1.80602126e-03
,4.74379575e-04,1.19534756e-05,1.06050673e-08,4.05811283e-07
,2.74347801e-07,2.33486395e-07],
[1.24063488e-04,9.89599669e-01,9.98377931e-05,4.70351158e-03
,8.65589863e-04,4.59778826e-03,1.30317576e-08,3.53299082e-06
,3.75031828e-06,2.24416650e-06],
[6.04790564e-07,9.99085530e-01,1.24333868e-07,3.50205878e-04
,5.63027908e-04,6.69779849e-08,1.73890737e-07,1.32751492e-07
,6.04346719e-08,7.29095195e-08],
[5.70284552e-07,9.98876894e-01,1.12612919e-07,3.84718146e-04
,7.37112854e-04,5.04087342e-08,2.59246937e-07,1.42566729e-07
,6.17099746e-08,7.81671470e-08],
[7.06799594e-07,9.98934588e-01,1.30456189e-07,3.49621812e-04
,7.14320004e-04,5.47140410e-08,2.79462016e-07,1.50502813e-07
,6.61841361e-08,8.20730463e-08],
[6.57707931e-07,9.99118118e-01,1.27638678e-07,3.25928924e-04
,5.54643515e-04,6.59262464e-08,1.88606042e-07,1.34524364e-07
,6.14828137e-08,7.37493344e-08],
[8.84869178e-02,2.09936967e-04,3.58993202e-06,1.30453116e-08
,1.16070742e-03,2.34879693e-06,9.10127147e-01,3.64040794e-06
,2.94793723e-06,2.75095519e-06],
[6.57707931e-07,9.99118118e-01,1.27638678e-07,3.25928924e-04
,5.54643515e-04,6.59262464e-08,1.88606042e-07,1.34524364e-07
,6.14828137e-08,7.37493344e-08],
[7.94305658e-07,9.99039007e-01,1.04098680e-07,2.45718668e-04
,7.13541285e-04,3.72380491e-08,5.05587398e-07,1.47371595e-07
,6.38324869e-08,8.06575947e-08],
[5.37725732e-06,9.93763826e-01,6.37334668e-07,1.29307740e-03
,4.92876127e-03,1.96205652e-06,3.90490097e-06,1.14828041e-06
,5.65723993e-07,7.39544341e-07],
[7.60469345e-07,9.99070443e-01,1.06923706e-07,2.56383073e-04
,6.71563864e-04,4.12087013e-08,4.16112395e-07,1.43526632e-07
,6.28579400e-08,7.86000672e-08],
[2.88278465e-07,9.93753886e-01,1.02967086e-06,5.95304453e-03
,2.81896218e-04,9.50515020e-06,4.66939674e-10,1.58032220e-07
,1.00969356e-07,9.06561348e-08],
[1.48236695e-06,9.98301340e-01,4.29019211e-07,6.46345026e-04
,1.04956977e-03,1.40306679e-07,1.99439703e-07,2.49947682e-07
,1.12983911e-07,1.31198338e-07],
[3.35940436e-07,9.98611206e-01,1.16568831e-07,6.84503741e-04
,7.03412760e-04,7.73578694e-08,9.26965116e-08,1.28177728e-07
,5.59593274e-08,7.07449404e-08],
[6.59157948e-01,4.72216869e-04,5.18675762e-04,1.06168718e-06
,3.15254164e-02,1.13093817e-05,3.08232117e-01,3.75961003e-05
,2.27137175e-05,2.09453740e-05],
[7.87690592e-06,9.97944704e-01,3.21700132e-07,1.65277838e-04
,1.87095102e-03,1.36862611e-07,9.63588485e-06,5.35917612e-07
,2.50370869e-07,3.09296995e-07],
[1.16895925e-06,9.99042971e-01,2.04133313e-07,3.36958983e-04
,6.17944921e-04,1.34842916e-07,2.41319552e-07,1.84332831e-07
,8.91477892e-08,1.02483014e-07],
[4.53797461e-07,9.99035928e-01,2.51595960e-07,6.83757030e-04
,2.79030476e-04,3.36673869e-07,1.32513323e-08,1.10100277e-07
,5.87739559e-08,6.03592238e-08],
[1.43670413e-03,9.86022255e-01,1.32818987e-04,2.01387051e-03
,5.38906379e-03,4.95520714e-03,3.76945919e-06,1.72518102e-05
,1.70061202e-05,1.20534333e-05],
[4.50751151e-02,7.47339641e-01,6.24265887e-05,1.01434843e-04
,7.90948729e-02,7.85736732e-05,1.28043450e-01,8.68363364e-05
,5.72215913e-05,6.04282226e-05],
[1.65513229e-06,9.94750254e-01,6.17917335e-07,1.87189612e-03
,3.37384503e-03,2.79526882e-07,4.70810969e-07,5.00106417e-07
,2.08421299e-07,2.72893220e-07],
[3.87613587e-06,6.58160271e-01,1.34444951e-04,2.60013340e-01
,8.16838097e-02,3.37997007e-07,1.40058139e-08,2.43813506e-06
,6.30065790e-07,8.38308032e-07],
[6.41270637e-05,9.94168412e-01,2.57497391e-06,3.20294701e-04
,5.40902048e-03,9.78086758e-07,3.02858313e-05,2.07796167e-06
,1.04360016e-06,1.18497735e-06],
[1.05596580e-06,9.98882703e-01,3.69888380e-07,6.04872935e-04
,5.10234792e-04,3.26044228e-07,5.77746315e-08,1.84194784e-07
,9.47703485e-08,1.00674403e-07],
[1.27178714e-06,9.98885697e-01,1.38877783e-07,2.44619153e-04
,8.66995128e-04,5.77716327e-08,8.27051526e-07,1.96768277e-07
,8.75553739e-08,1.09380520e-07],
[8.24341864e-06,7.24058545e-02,3.75545844e-03,7.48546396e-01
,1.75280400e-01,8.84908662e-08,8.16324654e-10,2.49296247e-06
,4.81271083e-07,5.84046727e-07],
[2.93175114e-04,9.09342145e-01,1.19898604e-04,7.29842987e-03
,8.29068500e-02,1.56823102e-06,1.77025803e-05,1.12286672e-05
,4.11947923e-06,4.88282566e-06],
[1.96473963e-05,9.83204079e-01,9.93282131e-06,3.26950421e-03
,1.34916648e-02,2.74951321e-07,1.63383597e-06,1.79289800e-06
,6.64367321e-07,8.05239777e-07],
[6.84213830e-06,9.92590446e-01,7.99869881e-06,5.95696488e-03
,1.36550623e-03,6.97724055e-05,1.61705619e-08,1.07368605e-06
,7.39860764e-07,6.40097824e-07],
[1.14163003e-06,9.98954429e-01,1.29236797e-07,2.37463432e-04
,8.05701758e-04,5.03961225e-08,7.24501460e-07,1.80608658e-07
,7.99170217e-08,9.97983975e-08],
[8.29935775e-07,9.98834283e-01,1.64831392e-07,3.76863240e-04
,7.87202429e-04,5.38387617e-08,2.80909069e-07,1.63388135e-07
,7.10373275e-08,8.73980646e-08],
[3.09115835e-03,1.42425506e-03,2.11148064e-01,7.23323972e-02
,7.11963765e-01,2.22364275e-06,1.16949876e-07,2.57547472e-05
,6.11750397e-06,6.14755573e-06],
[1.03148829e-02,1.66535994e-09,9.72646992e-01,1.76968225e-05
,1.70195912e-02,1.42074148e-08,6.26335337e-09,5.99466185e-07
,1.20506802e-07,9.50930514e-08],
[9.44071287e-04,4.98576903e-10,9.97986318e-01,2.76181098e-05
,1.04175017e-03,1.05595903e-07,4.28886091e-12,9.52052619e-08
,2.61222099e-08,1.49784714e-08],
[1.63871506e-03,1.57287675e-08,9.62758202e-01,3.15526058e-04
,3.52867114e-02,1.17251363e-08,5.86453628e-10,6.19309329e-07
,1.06401852e-07,9.16297204e-08],
[2.96462722e-06,2.84153191e-06,5.73245432e-01,3.69085543e-01
,5.76630185e-02,1.48114448e-09,5.48771198e-14,1.63103274e-07
,1.79079569e-08,1.78142485e-08],
[2.65047176e-03,4.32030288e-08,9.91374800e-01,2.39027016e-04
,5.73387477e-03,8.20771848e-07,8.93182181e-11,6.47920088e-07
,1.94520187e-07,1.19650161e-07],
[3.77916602e-06,1.48561573e-11,9.99923856e-01,5.29585521e-05
,1.20295433e-06,1.82015161e-05,1.63683790e-19,1.17861588e-09
,7.07547393e-10,1.89098095e-10],
[7.91448736e-04,1.48042578e-09,9.88052394e-01,2.17897991e-04
,1.09377021e-02,1.13590449e-07,4.29231729e-11,3.20232108e-07
,6.89398193e-08,5.30969105e-08],
[2.73293174e-03,1.51387581e-09,9.85881960e-01,5.69397185e-05
,1.13275848e-02,4.04128838e-08,3.87132740e-10,3.94175842e-07
,8.34542163e-08,6.35323359e-08],
[4.01280475e-06,5.01413876e-11,9.99881930e-01,1.04758764e-04
,2.83199318e-06,6.46310177e-06,4.82010765e-19,1.74605620e-09
,9.01791120e-10,2.65405403e-10],
