# -*- coding: utf-8 -*-
a=[
[9.40980294e-01,5.98604381e-04,7.01808065e-03,5.14002784e-02
,2.74290832e-06],
[6.44832933e-03,2.27461263e-06,1.86560702e-05,9.93528262e-01
,2.47764456e-06],
[0.93960808,0.0031543,0.01907465,0.02846392,0.00969905],
[0.2078381,0.31067151,0.04915318,0.06670751,0.3656297,],
[1.64877951e-04,1.06082502e-05,3.28442572e-05,9.97621465e-01
,2.17020453e-03],
[0.13984213,0.01057913,0.03562352,0.04757452,0.7663807,],
[9.90540583e-01,3.56578450e-04,2.61171163e-03,6.40750453e-03
,8.36221279e-05],
[6.44841007e-03,2.27461052e-06,1.86558021e-05,9.93528182e-01
,2.47766053e-06],
[9.90051476e-01,1.70685491e-04,4.60139390e-04,9.31363750e-03
,4.06133746e-06],
[1.95405819e-02,2.13943735e-01,2.66002371e-01,5.00119185e-01
,3.94126615e-04],
[2.23550885e-06,2.53477149e-06,1.97575611e-04,9.99785272e-01
,1.23816765e-05],
[9.89798748e-01,4.12952808e-04,3.69531544e-03,5.93981005e-03
,1.53173676e-04],
[0.57458981,0.01791029,0.01809308,0.30694867,0.08245814],
[9.82121836e-01,8.88490899e-03,3.39615079e-03,5.55001671e-03
,4.70877741e-05],
[1.55783207e-02,9.89339962e-05,4.30366745e-05,9.84277852e-01
,1.85659959e-06],
[0.18469872,0.01170148,0.04073863,0.05475057,0.70811061],
[0.14968031,0.01108538,0.03625729,0.05149146,0.75148556],
[0.15886144,0.01109601,0.03792878,0.05079739,0.74131638],
[9.39130437e-01,3.77111787e-04,3.30828579e-03,5.70053535e-02
,1.78812206e-04],
[9.89967953e-01,1.70129964e-04,4.56718719e-04,9.40118537e-03
,4.01334832e-06],
[9.90041009e-01,1.70164915e-04,4.56844204e-04,9.32797130e-03
,4.01082792e-06],
[9.89798443e-01,4.12969093e-04,3.69551552e-03,5.93988198e-03
,1.53190493e-04],
[0.06524911,0.02436874,0.49346689,0.19607444,0.22084081],
[9.89798652e-01,4.12958693e-04,3.69544009e-03,5.93976612e-03
,1.53182689e-04],
[9.89798519e-01,4.12964848e-04,3.69544954e-03,5.93988169e-03
,1.53185333e-04],
[9.81190592e-01,9.38613756e-03,3.55416409e-03,5.81635614e-03
,5.27502535e-05],
[9.89798652e-01,4.12958698e-04,3.69544013e-03,5.93976618e-03
,1.53182693e-04],
[9.89709717e-01,4.15190789e-04,3.73836624e-03,5.98381010e-03
,1.52915556e-04],
[0.13980212,0.01057797,0.03561848,0.04756747,0.76643396],
[9.86750346e-01,5.68142840e-04,4.78540548e-03,7.60394701e-03
,2.92159077e-04],
[9.89380543e-01,3.93924077e-04,2.52413150e-03,7.61381278e-03
,8.75886353e-05],
[9.81910427e-01,9.01014729e-03,3.42934163e-03,5.60186053e-03
,4.82234889e-05],
[9.90009620e-01,3.76266670e-04,2.83821880e-03,6.68529895e-03
,9.05959400e-05],
[9.89798652e-01,4.12958693e-04,3.69544009e-03,5.93976612e-03
,1.53182689e-04],
[9.89822002e-01,4.11514622e-04,3.66492910e-03,5.95057133e-03
,1.50983162e-04],
[9.89798639e-01,4.12959293e-04,3.69544522e-03,5.93977341e-03
,1.53183079e-04],
[9.89798653e-01,4.12958657e-04,3.69543931e-03,5.93976640e-03
,1.53182633e-04],
[9.86398091e-01,2.53791938e-04,6.31897771e-04,1.27072076e-02
,9.01197412e-06],
[9.75632867e-01,6.42718815e-04,9.35358622e-03,1.42919120e-02
,7.89156487e-05],
[9.89798647e-01,4.12958943e-04,3.69544190e-03,5.93976890e-03
,1.53182877e-04],
[9.89798640e-01,4.12958675e-04,3.69543985e-03,5.93977878e-03
,1.53182717e-04],
[9.89798652e-01,4.12958693e-04,3.69544009e-03,5.93976612e-03
,1.53182689e-04],
[9.89798553e-01,4.12957650e-04,3.69541958e-03,5.93988779e-03
,1.53181612e-04],
[9.89798651e-01,4.12958717e-04,3.69544054e-03,5.93976665e-03
,1.53182682e-04],
[9.90040996e-01,1.70164656e-04,4.56842531e-04,9.32798560e-03
,4.01079567e-06],
[9.89798642e-01,4.12958950e-04,3.69544501e-03,5.93977117e-03
,1.53182659e-04],
[2.24327553e-06,2.56140360e-06,2.01538027e-04,9.99780873e-01
,1.27844394e-05],
[9.89798546e-01,4.12958524e-04,3.69543800e-03,5.93987433e-03
,1.53182924e-04],
[9.90128532e-01,3.91046675e-04,3.24823125e-03,6.10987102e-03
,1.22319554e-04],
[0.14007084,0.01058458,0.03558467,0.04832392,0.76543599],
[9.89626947e-01,4.21494209e-04,3.75724823e-03,6.03465773e-03
,1.59653002e-04],
[9.89799057e-01,4.12933812e-04,3.69491314e-03,5.93995183e-03
,1.53144586e-04],
[0.07383463,0.00533982,0.01756353,0.38623336,0.51702866],
[9.89797857e-01,4.12957424e-04,3.69542437e-03,5.94057714e-03
,1.53184450e-04],
[9.89798652e-01,4.12958693e-04,3.69544009e-03,5.93976612e-03
,1.53182689e-04],
[9.90882795e-01,3.09895863e-04,1.87522074e-03,6.88514965e-03
,4.69385610e-05],
[9.89798652e-01,4.12958693e-04,3.69544009e-03,5.93976612e-03
,1.53182689e-04],
[9.89798737e-01,4.12953469e-04,3.69532944e-03,5.93980512e-03
,1.53174688e-04],
[9.89798652e-01,4.12958693e-04,3.69544009e-03,5.93976612e-03
,1.53182689e-04],
[9.77689561e-01,1.02574517e-02,4.94937633e-03,7.05867860e-03
,4.49327553e-05],
[9.89798650e-01,4.12958754e-04,3.69544126e-03,5.93976739e-03
,1.53182678e-04],
[9.89798652e-01,4.12958693e-04,3.69544009e-03,5.93976612e-03
,1.53182689e-04],
[9.89798652e-01,4.12958693e-04,3.69544009e-03,5.93976612e-03
,1.53182689e-04],
[9.89683486e-01,4.18682122e-04,3.73689552e-03,6.00342862e-03
,1.57507735e-04],
[9.90041609e-01,1.70194660e-04,4.57032106e-04,9.32715073e-03
,4.01370094e-06],
[9.89798550e-01,4.12961256e-04,3.69548923e-03,5.93981665e-03
,1.53182382e-04],
[9.87474854e-01,2.56809481e-04,1.11717556e-03,1.11313333e-02
,1.98275437e-05],
[9.89798638e-01,4.12958670e-04,3.69543980e-03,5.93978120e-03
,1.53182722e-04],
[6.46485747e-03,2.28041399e-06,1.87027507e-05,9.93511676e-01
,2.48297709e-06],
[9.85681251e-01,5.16550946e-03,3.45499199e-03,5.64005575e-03
,5.81913563e-05],
[0.13980927,0.01058038,0.03562044,0.04757005,0.76641986],
[3.31933897e-01,2.47185325e-03,5.63948791e-01,1.01623950e-01
,2.15090722e-05],
[9.89798652e-01,4.12958693e-04,3.69544009e-03,5.93976612e-03
,1.53182689e-04],
[0.94876561,0.0026671,0.01667555,0.02504172,0.00685001],
[0.13980211,0.01057796,0.03561843,0.04756742,0.76643407],
[9.89798652e-01,4.12958693e-04,3.69544008e-03,5.93976613e-03
,1.53182688e-04],
[9.90042663e-01,1.70246938e-04,4.57362497e-04,9.32570848e-03
,4.01875462e-06],
[9.89798652e-01,4.12958693e-04,3.69544009e-03,5.93976612e-03
,1.53182689e-04],
[9.90051524e-01,1.70806775e-04,4.60757824e-04,9.31283987e-03
,4.07137610e-06],
[0.00727323,0.00980642,0.83997783,0.12635994,0.01658259],
[0.13980352,0.01057803,0.03561854,0.04756792,0.76643198],
[0.20418864,0.33566277,0.04818667,0.06542623,0.34653569],
[5.91706239e-01,1.81130299e-03,1.23294282e-01,2.83187167e-01
,1.00981072e-06],
[9.89795750e-01,4.13031686e-04,3.69683953e-03,5.94120495e-03
,1.53173932e-04],
[9.89798676e-01,4.12957259e-04,3.69540971e-03,5.93977683e-03
,1.53180492e-04],
[9.89798517e-01,4.12961228e-04,3.69545781e-03,5.93987897e-03
,1.53184869e-04],
[5.06724556e-01,3.32048262e-02,2.81465137e-01,1.78603395e-01
,2.08604113e-06],
[9.89798652e-01,4.12958693e-04,3.69544009e-03,5.93976612e-03
,1.53182689e-04],
[9.89798652e-01,4.12958693e-04,3.69544009e-03,5.93976612e-03
,1.53182689e-04],
[9.89798652e-01,4.12958693e-04,3.69544009e-03,5.93976612e-03
,1.53182689e-04],
[1.27246903e-04,8.00846850e-07,1.67390321e-04,9.99704541e-01
,2.04737692e-08],
[4.13281146e-01,2.58409366e-03,4.84423967e-01,9.96825604e-02
,2.82323123e-05],
[9.89798652e-01,4.12958693e-04,3.69544009e-03,5.93976612e-03
,1.53182689e-04],
[0.14300169,0.01212764,0.04000261,0.05165371,0.75321435],
[6.18569437e-03,2.24992429e-06,1.91006712e-05,9.93790600e-01
,2.35481669e-06],
[9.89798652e-01,4.12958693e-04,3.69544009e-03,5.93976612e-03
,1.53182689e-04],
[0.14992463,0.01086136,0.03687281,0.04931885,0.75302235],
[9.89789243e-01,4.13425837e-04,3.69882776e-03,5.94496971e-03
,1.53533408e-04],
[0.13980376,0.01057801,0.03561864,0.04756771,0.76643188],
[0.13980294,0.01057862,0.03562294,0.04757138,0.76642412],
[0.02315337,0.01287993,0.3316794,0.63089596,0.00139135],
[0.14038088,0.01059469,0.03569187,0.04766984,0.76566272],
[9.89798652e-01,4.12958695e-04,3.69544013e-03,5.93976616e-03
,1.53182689e-04],
[0.45746653,0.01385802,0.05542326,0.07646998,0.39678222],
[9.89798652e-01,4.12958693e-04,3.69544009e-03,5.93976613e-03
,1.53182689e-04],
[9.89803496e-01,4.12665846e-04,3.68911972e-03,5.94199360e-03
,1.52725232e-04],
[0.13980243,0.01057829,0.0356207,0.04756944,0.76642914],
[9.89799133e-01,4.12929120e-04,3.69481378e-03,5.93998686e-03
,1.53137401e-04],
[9.89798442e-01,4.12958358e-04,3.69543594e-03,5.93998042e-03
,1.53183155e-04],
[9.90041353e-01,1.70181996e-04,4.56952108e-04,9.32749993e-03
,4.01247765e-06],
[9.89629956e-01,4.18128928e-04,3.77220667e-03,6.02549427e-03
,1.54214417e-04],
[9.89797462e-01,4.16320210e-04,3.69468880e-03,5.93881866e-03
,1.52710132e-04],
[9.22383789e-01,1.31306188e-03,4.66661107e-02,2.95385103e-02
,9.85278607e-05],
[2.44081689e-06,2.60793063e-06,1.93098941e-04,9.99788003e-01
,1.38495926e-05],
[9.82330922e-01,8.02460636e-04,6.33606255e-03,9.94430117e-03
,5.86253385e-04],
[0.02314887,0.01287871,0.33169777,0.63088378,0.00139087],
[0.14257869,0.01065763,0.03596882,0.04805618,0.76273868],
[9.89903431e-05,3.69269362e-07,3.78540483e-05,9.99862784e-01
,1.84472760e-09],
[3.31933872e-01,2.47185320e-03,5.63948815e-01,1.01623950e-01
,2.15090703e-05],
[9.89767666e-01,4.13944790e-04,3.70250490e-03,5.96192441e-03
,1.53959480e-04],
[9.89798652e-01,4.12958693e-04,3.69544009e-03,5.93976612e-03
,1.53182689e-04],
[9.89798653e-01,4.12959132e-04,3.69543908e-03,5.93976630e-03
,1.53182556e-04],
[0.41271183,0.00984988,0.01033293,0.52767339,0.03943197],
[9.84176523e-01,2.36604084e-04,9.26151807e-04,1.46571182e-02
,3.60268797e-06],
[9.89798652e-01,4.12958693e-04,3.69544009e-03,5.93976612e-03
,1.53182689e-04],
[9.89799527e-01,4.12904859e-04,3.69430000e-03,5.94016796e-03
,1.53100256e-04],
[3.41123500e-01,2.49448864e-03,5.54718725e-01,1.01640855e-01
,2.24303749e-05],
[9.90030804e-01,1.70193301e-04,4.57037762e-04,9.33795057e-03
,4.01445127e-06],
[9.88097393e-01,2.62146928e-03,4.25850653e-04,8.85387494e-03
,1.41186698e-06],
[0.1398134,0.01057829,0.03561986,0.04756942,0.76641902],
[0.13980214,0.01057796,0.03561843,0.04756743,0.76643404],
[9.89798652e-01,4.12958693e-04,3.69544009e-03,5.93976612e-03
,1.53182689e-04],
[9.89798649e-01,4.12958865e-04,3.69544134e-03,5.93976803e-03
,1.53182818e-04],
[9.88610696e-01,4.11193363e-04,3.67375726e-03,7.14877822e-03
,1.55575525e-04],
[3.31972091e-01,2.47193135e-03,5.63910643e-01,1.01623823e-01
,2.15122959e-05],
[0.1398103,0.01058635,0.03567606,0.04761802,0.76630928],
[9.89798652e-01,4.12958693e-04,3.69544008e-03,5.93976612e-03
,1.53182689e-04],
[0.97397289,0.00126599,0.00915025,0.01412389,0.00148697],
[9.89798652e-01,4.12958693e-04,3.69544009e-03,5.93976612e-03
,1.53182689e-04],
[0.64913858,0.01473768,0.01580196,0.27112434,0.04919744],
[0.14016057,0.01097461,0.03840409,0.04997095,0.76048978],
[9.89798652e-01,4.12958693e-04,3.69544009e-03,5.93976612e-03
,1.53182689e-04],
[0.13980211,0.01057796,0.03561843,0.04756742,0.76643407],
[5.90414283e-01,1.81126485e-03,1.23974931e-01,2.83798519e-01
,1.00148043e-06],
[0.51578146,0.02024709,0.02800325,0.24481441,0.19115379],
[9.87047409e-01,4.09426207e-04,3.64940070e-03,8.73562580e-03
,1.58138280e-04],
[9.89798652e-01,4.12958693e-04,3.69544009e-03,5.93976612e-03
,1.53182689e-04],
[0.13985019,0.01057936,0.03562454,0.04757594,0.76636998],
[9.90041002e-01,1.70164587e-04,4.56842130e-04,9.32798037e-03
,4.01079623e-06],
[9.89798652e-01,4.12958696e-04,3.69544010e-03,5.93976612e-03
,1.53182689e-04],
[9.89798652e-01,4.12958693e-04,3.69544009e-03,5.93976612e-03
,1.53182689e-04],
[9.89296798e-01,1.79161035e-04,5.10092630e-04,1.00100037e-02
,3.94500961e-06],
[9.89798652e-01,4.12958693e-04,3.69544009e-03,5.93976612e-03
,1.53182689e-04],
[9.89347641e-01,1.13417597e-03,3.58955813e-03,5.82510876e-03
,1.03516213e-04],
[0.2040025,0.01209089,0.04262507,0.05743199,0.68384955],
[9.90041002e-01,1.70164586e-04,4.56842129e-04,9.32798034e-03
,4.01079620e-06],
[3.30166359e-01,2.48331489e-03,5.65461717e-01,1.01866779e-01
,2.18312292e-05],
[6.45197096e-03,2.27589314e-06,1.86664741e-05,9.93524608e-01
,2.47893111e-06],
[3.36095269e-01,2.48050623e-03,5.59792159e-01,1.01610196e-01
,2.18693083e-05],
[9.89798646e-01,4.12976478e-04,3.69543608e-03,5.93976109e-03
,1.53180174e-04],
[0.57456206,0.01791298,0.01810068,0.30690286,0.08252143],
[9.89798652e-01,4.12958693e-04,3.69544009e-03,5.93976612e-03
,1.53182689e-04],
[9.90570020e-01,3.53593032e-04,2.56034918e-03,6.43526163e-03
,8.07757353e-05],
[9.89798652e-01,4.12958694e-04,3.69544009e-03,5.93976612e-03
,1.53182689e-04],
[6.44841861e-03,2.27461906e-06,1.86559337e-05,9.93528173e-01
,2.47768851e-06],
[9.90031081e-01,1.70537064e-04,4.58098834e-04,9.33624929e-03
,4.03385592e-06],
[9.89798652e-01,4.12958693e-04,3.69544008e-03,5.93976613e-03
,1.53182689e-04],
[3.32669023e-01,2.47323505e-03,5.63216661e-01,1.01619513e-01
,2.15674773e-05],
[9.89798714e-01,4.12954882e-04,3.69535937e-03,5.93979457e-03
,1.53176852e-04],
[7.74142453e-05,4.43225541e-05,1.74957108e-06,9.99867975e-01
,8.53866719e-06],
[0.13994984,0.01058591,0.03563025,0.04762709,0.76620691],
[9.89796360e-01,4.13009466e-04,3.69641632e-03,5.94103697e-03
,1.53177113e-04],
[0.13980406,0.01057806,0.03561855,0.04756835,0.76643097],
[9.89798648e-01,4.12958687e-04,3.69544001e-03,5.93977035e-03
,1.53182698e-04],
[0.14479449,0.01080832,0.03602067,0.04927474,0.75910178],
[9.89812625e-01,4.12096224e-04,3.67719970e-03,5.94621293e-03
,1.51866109e-04],
[9.90052902e-01,1.70756729e-04,4.60591366e-04,9.31168136e-03
,4.06828653e-06],
[1.68918091e-03,3.60812722e-05,4.02792812e-05,9.98234311e-01
,1.47465592e-07],
[9.89798652e-01,4.12958693e-04,3.69544009e-03,5.93976612e-03
,1.53182689e-04],
[0.5867309,0.01741748,0.01775741,0.30177824,0.07631597],
[9.89782556e-01,4.54820075e-04,3.68649724e-03,5.92847831e-03
,1.47648147e-04],
[0.56315034,0.01869465,0.02045885,0.30081077,0.09688539],
[9.89798652e-01,4.12958693e-04,3.69544009e-03,5.93976612e-03
,1.53182689e-04],
[9.89798652e-01,4.12958693e-04,3.69544009e-03,5.93976612e-03
,1.53182689e-04],
[8.03111826e-05,9.14120779e-07,1.71015875e-04,9.99747716e-01
,4.25862510e-08],
[9.89798652e-01,4.12958693e-04,3.69544009e-03,5.93976612e-03
,1.53182689e-04],
[9.89796906e-01,4.13045408e-04,3.69606899e-03,5.94073216e-03
,1.53247762e-04],
[9.89798653e-01,4.12958674e-04,3.69543968e-03,5.93976626e-03
,1.53182660e-04],
[9.89798652e-01,4.12958693e-04,3.69544009e-03,5.93976612e-03
,1.53182689e-04],
[0.00848662,0.01057277,0.81349747,0.15345024,0.01399289],
[0.40377514,0.01390563,0.054289,0.07456338,0.45346685],
[9.90041404e-01,1.70184488e-04,4.56967853e-04,9.32743116e-03
,4.01271838e-06],
[9.90176995e-01,3.87499897e-04,3.17898978e-03,6.13870714e-03
,1.17808145e-04],
[9.89407306e-01,1.71692245e-04,4.67433201e-04,9.94935309e-03
,4.21567633e-06],
[0.13980211,0.01057796,0.03561843,0.04756742,0.76643407],
[9.89798650e-01,4.12958744e-04,3.69544107e-03,5.93976713e-03
,1.53182683e-04],
[0.00724933,0.00979034,0.84048069,0.12583916,0.01664049],
[9.89799357e-01,4.12915342e-04,3.69452199e-03,5.94008970e-03
,1.53116305e-04],
[9.90830348e-01,2.32185887e-04,9.49489363e-04,7.97363621e-03
,1.43406013e-05],
[9.90816707e-01,3.23396975e-04,2.05588675e-03,6.74897781e-03
,5.50313261e-05],
[9.90042580e-01,1.70242794e-04,4.57336305e-04,9.32582276e-03
,4.01835387e-06],
[0.62752633,0.01569011,0.01653755,0.2825608,0.05768521],
[9.89798652e-01,4.12958693e-04,3.69544009e-03,5.93976612e-03
,1.53182689e-04],
[9.89798652e-01,4.12958693e-04,3.69544009e-03,5.93976612e-03
,1.53182689e-04],
[9.88253073e-01,2.88491066e-04,1.42423477e-03,1.00177238e-02
,1.64775131e-05],
[9.89798652e-01,4.12958693e-04,3.69544009e-03,5.93976612e-03
,1.53182689e-04],
[9.89953092e-01,4.03130074e-04,3.49068417e-03,6.01440987e-03
,1.38683853e-04],
[2.95058006e-01,2.13308857e-03,4.75179951e-01,2.27608061e-01
,2.08933667e-05],
[0.03148426,0.01917842,0.67299507,0.18443156,0.09191069],
[9.87638738e-01,5.22182284e-04,4.46939267e-03,7.12339088e-03
,2.46296300e-04],
[9.89798652e-01,4.12958969e-04,3.69544003e-03,5.93976604e-03
,1.53182650e-04],
[0.0072401,0.00977334,0.83870186,0.12764671,0.01663799],
[0.57448736,0.01791942,0.01811903,0.30681596,0.08265823],
[9.89848738e-01,1.70396188e-04,4.58565046e-04,9.51825147e-03
,4.04928314e-06],
[3.31782858e-01,2.47043855e-03,5.63579700e-01,1.02145496e-01
,2.15077604e-05],
[9.89765304e-01,4.14614736e-04,3.70744622e-03,5.95820704e-03
,1.54427836e-04],
[1.14201281e-04,7.30916407e-06,2.25698585e-05,9.98301753e-01
,1.55416642e-03],
[8.06747827e-05,1.83073002e-06,1.80270127e-06,9.99895645e-01
,2.00467600e-05],
[9.89836363e-01,4.10619407e-04,3.64608866e-03,5.95729730e-03
,1.49631764e-04],
[0.13987942,0.0105802,0.03562825,0.04758112,0.766331,],
[9.89799305e-01,4.12905793e-04,3.69430213e-03,5.94040009e-03
,1.53087164e-04],
[2.61173544e-05,3.10575677e-05,2.49578153e-03,9.97327603e-01
,1.19440997e-04],
[9.89798240e-01,4.12979168e-04,3.69558859e-03,5.93999422e-03
,1.53198053e-04],
[9.89798652e-01,4.12958693e-04,3.69544009e-03,5.93976612e-03
,1.53182689e-04],
[9.89798652e-01,4.12958717e-04,3.69544009e-03,5.93976611e-03
,1.53182686e-04],
[9.89784733e-01,4.13649793e-04,3.70045160e-03,5.94746392e-03
,1.53701691e-04],
[9.90041032e-01,1.70166084e-04,4.56851588e-04,9.32793902e-03
,4.01094081e-06],
[9.89939562e-01,4.04018657e-04,3.50891629e-03,6.00755344e-03
,1.39949816e-04],
[9.86313536e-01,4.94556362e-04,5.44119282e-03,7.60631740e-03
,1.44397274e-04],
[9.90431072e-01,1.92974572e-04,6.14229253e-04,8.75500846e-03
,6.71599603e-06],
[9.89951693e-01,4.03222191e-04,3.49257184e-03,6.01369798e-03
,1.38814687e-04],
[9.89798652e-01,4.12958693e-04,3.69544009e-03,5.93976612e-03
,1.53182689e-04],
[0.55186991,0.01933956,0.02290762,0.27772361,0.12815931],
[0.57509953,0.01877289,0.01808862,0.30694408,0.08109489],
[9.89798652e-01,4.12958693e-04,3.69544009e-03,5.93976612e-03
,1.53182689e-04],
[9.89798652e-01,4.12958693e-04,3.69544009e-03,5.93976612e-03
,1.53182689e-04],
[2.90784878e-03,6.74600459e-05,1.91542232e-05,9.97002316e-01
,3.22048258e-06],
[9.89798652e-01,4.12958694e-04,3.69544009e-03,5.93976612e-03
,1.53182689e-04],
[0.00724933,0.00979034,0.84048062,0.12583923,0.01664048],
[9.89796548e-01,4.13049781e-04,3.69610121e-03,5.94105374e-03
,1.53247197e-04],
[9.89798652e-01,4.12958693e-04,3.69544008e-03,5.93976613e-03
,1.53182688e-04],
[9.89798357e-01,4.12958223e-04,3.69543426e-03,5.94006744e-03
,1.53183344e-04],
[9.89798652e-01,4.12958693e-04,3.69544009e-03,5.93976612e-03
,1.53182689e-04],
[1.14646565e-04,7.30378035e-06,2.25583359e-05,9.98307985e-01
,1.54750584e-03],
[9.89798650e-01,4.12958702e-04,3.69544028e-03,5.93976806e-03
,1.53182692e-04],
[0.00646393,0.18926973,0.69402161,0.10564959,0.00459514],
[0.57599764,0.01788418,0.018188,0.30525331,0.08267687],
[0.13980459,0.01057898,0.03561877,0.04757257,0.76642508],
[2.25197532e-06,2.56405275e-06,2.01104343e-04,9.99781235e-01
,1.28450234e-05],
[0.57164567,0.01817738,0.01887047,0.30224497,0.0890615,],
[0.14241605,0.01065301,0.03594843,0.04802774,0.76295477],
[1.99573960e-02,1.99109151e-01,2.66627407e-01,5.13905241e-01
,4.00804328e-04],
[1.94639518e-02,2.31576509e-01,2.55073660e-01,4.93534932e-01
,3.50946989e-04],
[0.00725174,0.00979055,0.84047214,0.12584807,0.0166375,],
[0.00733019,0.03303181,0.82471293,0.124292,0.01063308],
[9.89355525e-01,8.32007190e-04,3.70941599e-03,5.97832898e-03
,1.24722558e-04],
[7.81362997e-03,9.22984954e-02,1.00161028e-01,7.99562309e-01
,1.64537978e-04],
[9.89750690e-01,4.12579964e-04,3.68816038e-03,5.99572190e-03
,1.52847289e-04],
[0.13545446,0.01855249,0.12169707,0.10356859,0.62072738],
[0.00968523,0.00918243,0.84249014,0.1277409,0.0109013,],
[0.00726958,0.00980373,0.84028652,0.12594602,0.01669414],
[0.13980407,0.01057867,0.03562307,0.04757157,0.76642261],
[0.13980211,0.01057796,0.03561843,0.04756742,0.76643407],
[1.22116341e-04,7.87096892e-06,2.41459407e-05,9.98197625e-01
,1.64824136e-03],
[0.02314628,0.01288003,0.33181285,0.63076899,0.00139185],
[0.02314832,0.0128788,0.33169813,0.63088382,0.00139092],
[1.92158988e-02,2.32260281e-01,2.55014760e-01,4.93151617e-01
,3.57443350e-04],
[9.05411601e-01,1.45285391e-03,5.89359325e-02,3.41059559e-02
,9.36567753e-05],
[0.00734927,0.00985713,0.83858547,0.12771622,0.01649192],
[3.15756187e-01,2.58608435e-03,5.77688688e-01,1.03944477e-01
,2.45633813e-05],
[0.20375322,0.33607364,0.04843158,0.06608113,0.34566043],
[3.36299537e-01,2.47420284e-03,5.55436728e-01,1.05768730e-01
,2.08023219e-05],
[0.0083085,0.00950393,0.84175939,0.12677848,0.0136497,],
[0.15318295,0.01610602,0.03869089,0.05179135,0.7402288,],
[9.89796277e-01,4.13075726e-04,3.69629964e-03,5.94107775e-03
,1.53269722e-04],
[3.31981970e-01,2.47194303e-03,5.63900545e-01,1.01624029e-01
,2.15128996e-05],
[2.41169598e-06,5.78557898e-05,1.98115006e-04,9.99737473e-01
,4.14446975e-06],
[0.20423895,0.33535438,0.04819402,0.06543861,0.34677404],
[2.24546987e-06,2.57242532e-06,2.01431341e-04,9.99780971e-01
,1.27800064e-05],
[0.13992457,0.01070969,0.03653115,0.048374,0.76446059],
[0.57458569,0.01791044,0.01809357,0.30695304,0.08245725],
[0.00838857,0.01051431,0.81567723,0.1512476,0.01417228],
[9.83789989e-01,6.47705751e-04,3.56663897e-03,1.18599316e-02
,1.35734172e-04],
[0.00646204,0.18942499,0.69388992,0.10562949,0.00459357],
[0.13980211,0.01057796,0.03561843,0.04756742,0.76643407],
[0.00649146,0.18945226,0.69380716,0.10568541,0.00456372],
[7.74309857e-05,4.43298494e-05,1.74977502e-06,9.99867950e-01
,8.53969549e-06],
[2.24329421e-06,2.56143796e-06,2.01539716e-04,9.99780871e-01
,1.27845116e-05],
[0.20526596,0.32916992,0.04844895,0.06577744,0.35133773],
[3.52556950e-01,2.58531890e-03,5.40090938e-01,1.04742310e-01
,2.44838825e-05],
[0.00724933,0.00979034,0.84048069,0.12583916,0.01664049],
[2.24506392e-06,2.56141009e-06,2.01355299e-04,9.99781049e-01
,1.27888744e-05],
[5.85565749e-01,1.87973319e-03,1.24117262e-01,2.88436247e-01
,1.00841980e-06],
[0.19170424,0.05355219,0.04934372,0.06536027,0.64003958],
[1.38468300e-04,8.88609219e-06,2.74695099e-05,9.97972713e-01
,1.85246289e-03],
[3.24222993e-01,2.52133715e-03,5.70573319e-01,1.02659425e-01
,2.29252789e-05],
[0.13980211,0.01057796,0.03561843,0.04756742,0.76643407],
[0.07491459,0.00542098,0.01783541,0.37884073,0.52298829],
[0.13980211,0.01057796,0.03561843,0.04756742,0.76643407],
[0.30640344,0.0106405,0.01254999,0.59716195,0.07324412],
[9.81034909e-01,9.29561683e-03,3.73040872e-03,5.89268909e-03
,4.63767585e-05],
[0.14052741,0.01148032,0.04213582,0.05308823,0.75276822],
[0.63034788,0.01238708,0.05370906,0.07525831,0.22829768],
[0.42134649,0.02154134,0.04169214,0.20796225,0.30745778],
[3.62874074e-03,1.01751447e-05,1.61933484e-06,9.96359453e-01
,1.21626549e-08],
[2.07930012e-02,1.66230465e-01,2.78301602e-01,5.34225790e-01
,4.49142403e-04],
[0.00760497,0.01240647,0.83952039,0.1261533,0.01431487],
[0.02314901,0.01292585,0.3316781,0.630858,0.00138905],
[4.36282914e-01,2.00085684e-02,3.89063483e-02,5.04801880e-01
,2.89124733e-07],
[0.13076705,0.00997396,0.03514118,0.0991494,0.72496841],
[6.10955903e-03,6.78914605e-02,7.48077887e-02,8.51070703e-01
,1.20489002e-04],
[7.45134083e-05,1.71252939e-06,2.90066540e-06,9.99909758e-01
,1.11156755e-05],
[7.16078725e-01,2.33439908e-03,2.10490797e-01,7.10365248e-02
,5.95538518e-05],
[0.00724942,0.0097904,0.84047872,0.12584119,0.01664027],
[5.19316894e-01,1.71053303e-02,2.64580849e-01,1.98994804e-01
,2.12216216e-06],
[0.20991999,0.29479665,0.04988413,0.06763595,0.37776329],
[5.05158023e-04,3.29617159e-06,6.89993833e-04,9.98801480e-01
,7.21789262e-08],
[4.21059845e-03,1.41461227e-06,1.47468724e-06,9.95786481e-01
,3.07602077e-08],
[0.02315011,0.01287917,0.33168927,0.6308904,0.00139105],
[9.81702525e-01,9.12575173e-03,3.46490100e-03,5.65733336e-03
,4.94888954e-05],
[0.0088004,0.01071116,0.80755455,0.15955233,0.01338155],
[0.02106033,0.01363759,0.43161058,0.53133092,0.00236058],
[0.13980211,0.01057796,0.03561843,0.04756742,0.76643407],
[4.87411853e-01,2.42659738e-02,9.37700205e-02,3.94551853e-01
,3.00092106e-07],
[0.13980336,0.010578,0.03561859,0.04756764,0.76643241],
[0.02314837,0.01287881,0.33169789,0.630884,0.00139092],
[0.01898009,0.01619574,0.56355823,0.39768959,0.00357636],
[6.43802993e-03,2.27872631e-06,1.86771146e-05,9.93538524e-01
,2.49032409e-06],
[7.40470731e-05,2.01134689e-06,1.94035523e-06,9.99892129e-01
,2.98720139e-05],
[0.13980212,0.01057797,0.03561845,0.04756744,0.76643402],
[0.00724808,0.00978839,0.84030213,0.12602135,0.01664005],
[0.44342079,0.30057124,0.01295872,0.2233554,0.01969384],
[0.20413301,0.33563928,0.04819713,0.06557081,0.34645977],
[0.10421706,0.34523073,0.08893212,0.45875343,0.00286666],
[0.02358711,0.01339164,0.35680135,0.60448217,0.00173773],
[1.49567066e-02,4.30552025e-04,4.18205770e-04,9.80882568e-01
,3.31196805e-03],
[5.57438706e-01,2.09123085e-03,1.52508785e-01,2.87959652e-01
,1.62638269e-06],
[0.13980211,0.01057796,0.03561843,0.04756742,0.76643407],
[9.90041027e-01,1.70165853e-04,4.56850118e-04,9.32794565e-03
,4.01091835e-06],
[5.90412235e-01,1.81126806e-03,1.23975867e-01,2.83799628e-01
,1.00147490e-06],
[0.00724933,0.00979034,0.84048069,0.12583916,0.01664049],
[3.31933872e-01,2.47185320e-03,5.63948816e-01,1.01623950e-01
,2.15090703e-05],
[0.00724933,0.00979033,0.84048038,0.12583947,0.01664049],
[0.00724933,0.00979034,0.84048069,0.12583916,0.01664049],
[0.00724933,0.00979034,0.84048069,0.12583916,0.01664049],
[0.13977604,0.0105757,0.03561033,0.0476358,0.76640212],
[0.02314833,0.0128788,0.33169817,0.63088378,0.00139092],
[1.41656437e-04,1.90273388e-05,1.74349541e-04,9.99664959e-01
,7.23045412e-09],
[0.00810653,0.00955563,0.84157434,0.12661505,0.01414845],
[1.27206022e-04,8.00778205e-07,1.67420295e-04,9.99704552e-01
,2.04657341e-08],
[0.00725032,0.00979005,0.84048228,0.12584013,0.01663723],
[0.01363126,0.0128941,0.68262038,0.28360726,0.00724701],
[3.31113573e-01,2.47707490e-03,5.64653387e-01,1.01734311e-01
,2.16549701e-05],
[0.00724933,0.00979034,0.84048069,0.12583916,0.01664049],
[0.13980276,0.01057798,0.03561851,0.04756754,0.7664332,],
[0.00746096,0.00972994,0.84080309,0.12604434,0.01596166],
[5.90222792e-01,1.81457527e-03,1.24564351e-01,2.83397272e-01
,1.01003157e-06],
[3.31153172e-01,2.46495709e-03,5.62247313e-01,1.04113048e-01
,2.15095742e-05],
[0.13988994,0.01058056,0.03562961,0.04758301,0.76631688],
[3.30906239e-01,5.26366224e-02,5.21003117e-01,9.54473373e-02
,6.68459290e-06],
[3.47253288e-01,2.49920765e-03,5.48745644e-01,1.01479125e-01
,2.27348610e-05],
[0.00723206,0.00976343,0.83801071,0.12835988,0.01663392],
[2.24432910e-06,2.56253658e-06,2.01629251e-04,9.99780775e-01
,1.27890443e-05],
[0.00724933,0.00979034,0.84048069,0.12583916,0.01664049],
[0.00724895,0.00978974,0.84042561,0.12589535,0.01664036],
[0.00724933,0.00979034,0.84048069,0.12583916,0.01664049],
[3.32025940e-01,2.49243039e-03,5.63817619e-01,1.01642573e-01
,2.14369974e-05],
[5.90412204e-01,1.81126825e-03,1.23975875e-01,2.83799652e-01
,1.00147515e-06],
[0.02702483,0.01230668,0.32912616,0.63045751,0.00108482],
[9.32224562e-06,4.21619119e-06,9.57585169e-05,9.99889538e-01
,1.16479690e-06],
[0.02035366,0.01371556,0.45827377,0.50496276,0.00269425],
[1.15176719e-04,7.36894750e-06,2.27434654e-05,9.98288136e-01
,1.56657457e-03],
[0.00702678,0.00942381,0.80751668,0.15959022,0.01644251],
[0.00725615,0.00979485,0.84041525,0.12587518,0.01665856],
[1.44458583e-05,4.25255368e-06,7.29379648e-05,9.99784510e-01
,1.23853955e-04],
[0.02384,0.01302149,0.32852991,0.63316575,0.00144284],
[0.00724933,0.00979034,0.84048069,0.12583916,0.01664049],
[3.31925082e-01,2.47190916e-03,5.63956361e-01,1.01625137e-01
,2.15106281e-05],
[0.1398021,0.01057796,0.03561843,0.04756745,0.76643406],
[0.00724933,0.00979034,0.84048069,0.12583916,0.01664049],
[0.02281345,0.01306723,0.3501215,0.61245199,0.00154584],
[2.26541250e-06,2.58709999e-06,2.03577050e-04,9.99778671e-01
,1.28992457e-05],
[0.00724933,0.00979034,0.84048068,0.12583916,0.01664049],
[3.09445121e-01,2.65235556e-03,5.82738496e-01,1.05136874e-01
,2.71534672e-05],
[0.13980211,0.01057796,0.03561843,0.04756742,0.76643407],
[3.30980383e-01,5.27004859e-02,5.20878301e-01,9.54341498e-02
,6.68004346e-06],
[0.00724933,0.00979034,0.84048068,0.12583916,0.01664049],
[0.00724933,0.00979034,0.84048069,0.12583916,0.01664049],
[6.41805145e-01,2.48978372e-03,2.71592635e-01,8.40664253e-02
,4.60115208e-05],
[0.10204683,0.02062776,0.17030113,0.69869878,0.0083255,],
[0.02314832,0.0128788,0.33169814,0.63088382,0.00139092],
[0.00724933,0.00979034,0.84048069,0.12583916,0.01664049],
[3.89025844e-06,4.71063399e-06,3.52714543e-04,9.99618110e-01
,2.05749010e-05],
[1.12750469e-04,7.28438733e-06,2.27319187e-05,9.98327154e-01
,1.53007918e-03],
[3.40133991e-01,2.48454854e-03,5.52200275e-01,1.05160823e-01
,2.03621201e-05],
[1.14272598e-04,7.31037946e-06,2.25619650e-05,9.98300499e-01
,1.55535593e-03],
[0.00724933,0.00979034,0.84048069,0.12583916,0.01664049],
[0.13980211,0.01057796,0.03561843,0.04756743,0.76643406],
[0.13980213,0.01057798,0.03561854,0.04756752,0.76643383],
[0.00724937,0.00979036,0.84048034,0.12583935,0.01664059],
[2.36686388e-01,5.22353676e-03,2.70896096e-01,4.87169728e-01
,2.42518509e-05],
[0.00940978,0.00924279,0.84240665,0.12756657,0.01137421],
[9.79177342e-05,2.21106325e-07,1.18706336e-05,9.99889990e-01
,4.29976211e-10],
[3.31913780e-01,2.47169696e-03,5.63909214e-01,1.01683799e-01
,2.15093519e-05],
[0.00724876,0.00978944,0.84039848,0.12592304,0.01664029],
[3.18924632e-01,2.55587236e-03,5.75127821e-01,1.03367716e-01
,2.39592504e-05],
[0.00725102,0.00978985,0.84048341,0.12584083,0.0166349,],
[0.00725237,0.00979238,0.8404168,0.12590533,0.01663312],
[0.00723987,0.00977859,0.83911834,0.12722808,0.01663513],
[0.00724933,0.00979034,0.84048069,0.12583916,0.01664049],
[2.24328163e-06,2.56141068e-06,2.01538588e-04,9.99780872e-01
,1.27844710e-05],
[0.00724875,0.00978943,0.84039711,0.12592444,0.01664028],
[0.00724958,0.0097905,0.84047834,0.12584045,0.01664114],
[3.31577388e-01,2.47412124e-03,5.64255007e-01,1.01671911e-01
,2.15723401e-05],
[0.13980212,0.01057796,0.03561843,0.04756742,0.76643407],
[0.00725042,0.00979105,0.84047026,0.12584489,0.01664337],
[0.00724926,0.00979023,0.84047109,0.12584895,0.01664047],
[0.00649965,0.18982884,0.69270172,0.10640919,0.0045606,],
[2.24327450e-06,2.56140240e-06,2.01537931e-04,9.99780873e-01
,1.27844340e-05],
[9.89799700e-01,4.12884490e-04,3.69385525e-03,5.94050214e-03
,1.53058017e-04],
[0.57458981,0.01791028,0.01809308,0.30694867,0.08245815],
[2.53545584e-01,3.02407624e-03,6.31483141e-01,1.11904767e-01
,4.24306585e-05],
[1.21453601e-04,1.68711409e-04,2.21966141e-05,9.99176272e-01
,5.11366259e-04],
[0.01507421,0.14850174,0.72122066,0.11371765,0.00148574],
[0.13980867,0.01057831,0.03561888,0.04757001,0.76642414],
[0.02316636,0.01288247,0.33160875,0.63095021,0.00139221],
[6.74677561e-03,2.34555452e-05,1.84381136e-05,9.93210246e-01
,1.08442075e-06],
[0.0072498,0.00978888,0.84038009,0.12594492,0.0166363,],
[0.13980211,0.01057796,0.03561843,0.04756742,0.76643407],
[0.00646105,0.18956646,0.69376866,0.10561253,0.0045913,],
[0.00729735,0.00982206,0.84002066,0.12609217,0.01676776],
[2.26839889e-06,2.59056688e-06,2.03852163e-04,9.99778374e-01
,1.29147260e-05],
[7.73922217e-01,2.41064245e-03,1.59039896e-01,6.45236686e-02
,1.03575535e-04],
[6.71854272e-06,5.42729010e-05,1.11114365e-04,9.99810792e-01
,1.71020982e-05],
[1.51761361e-06,1.55085337e-05,1.56066919e-05,9.99967297e-01
,7.00871990e-08],
[1.14304566e-04,7.30927118e-06,2.25637466e-05,9.98301942e-01
,1.55388089e-03],
[0.0257441,0.01048398,0.19112964,0.77086782,0.00177446],
[6.68965337e-03,2.36220985e-06,1.93721567e-05,9.93286051e-01
,2.56144733e-06],
[9.90033497e-01,1.70174294e-04,4.56892449e-04,9.33542465e-03
,4.01119561e-06],
[9.90820484e-01,3.18131464e-04,1.98350145e-03,6.82600312e-03
,5.18804108e-05],
[0.02312722,0.01307559,0.3329504,0.62945234,0.00139446],
[0.21085268,0.34050924,0.04771923,0.06816741,0.33275145],
[9.90060592e-01,1.71148340e-04,4.63039930e-04,9.30111423e-03
,4.10596914e-06],
[0.13907189,0.01050835,0.03534626,0.05009604,0.76497746],
[0.00724933,0.00979034,0.84048069,0.12583916,0.01664049],
[5.66284656e-01,2.09005808e-03,1.83876384e-01,2.47746848e-01
,2.05328642e-06],
[1.27146887e-04,8.00798521e-07,1.67440595e-04,9.99704591e-01
,2.04696366e-08],
[0.14545589,0.0125288,0.03686705,0.04935327,0.75579498],
[9.53523877e-04,1.35149720e-04,1.22495358e-03,9.97686333e-01
,4.01492300e-08],
[2.21682698e-06,2.47331952e-06,1.88454495e-04,9.99795383e-01
,1.14727564e-05],
[6.44841804e-03,2.27461907e-06,1.86559360e-05,9.93528174e-01
,2.47768904e-06],
[0.13980211,0.01057796,0.03561843,0.04756742,0.76643407],
[1.07987664e-04,6.19263892e-06,1.63439554e-05,9.98945492e-01
,9.23983286e-04],
[0.0240814,0.01404052,0.32682006,0.6336394,0.00141863],
[0.57449208,0.017914,0.01810453,0.30705474,0.08243464],
[2.24338985e-06,2.56143759e-06,2.01532166e-04,9.99780878e-01
,1.27852369e-05],
[4.66440677e-06,3.11460663e-06,1.34112370e-04,9.99826849e-01
,3.12591972e-05],
[5.90722689e-01,1.81075997e-03,1.23828862e-01,2.83636686e-01
,1.00224539e-06],
[1.44074763e-06,1.02756553e-06,1.58325538e-05,9.99981516e-01
,1.83420468e-07],
[3.64883349e-01,5.43600113e-02,4.71339152e-01,1.09412186e-01
,5.30142083e-06],
[9.89798396e-01,4.12958284e-04,3.69543503e-03,5.94002748e-03
,1.53183257e-04],
[2.18997694e-06,2.38376477e-06,1.75768828e-04,9.99809403e-01
,1.02540678e-05],
[2.13667379e-06,2.21676972e-06,1.53146344e-04,9.99834285e-01
,8.21485982e-06],
[0.00719129,0.00969971,0.83212939,0.13436522,0.01661439],
[0.02318589,0.01288645,0.33151199,0.63102206,0.00139361],
[0.02315745,0.01288001,0.33166206,0.6309092,0.00139128],
[0.57446861,0.01790631,0.01808896,0.3070904,0.08244571],
[0.00724934,0.00979034,0.84048063,0.12583918,0.01664051],
[5.90552442e-01,1.81105956e-03,1.23908792e-01,2.83726705e-01
,1.00187214e-06],
[9.89988504e-01,1.79083514e-04,5.15527008e-04,9.31191833e-03
,4.96727358e-06],
[3.43651957e-01,2.49304654e-03,5.52309448e-01,1.01523104e-01
,2.24450477e-05],
[0.53036855,0.0195009,0.02373311,0.35309407,0.07330336],
[2.16320295e-05,4.69224745e-06,5.71064588e-05,9.99712979e-01
,2.03590600e-04],
[0.04660257,0.02208552,0.59663766,0.19810768,0.13656656],
[7.23149132e-05,1.91710022e-06,1.78689732e-06,9.99898262e-01
,2.57190993e-05],
[4.09357999e-03,5.97350525e-07,1.47677289e-06,9.95904305e-01
,4.11209771e-08],
[5.90412132e-01,1.81126879e-03,1.23975902e-01,2.83799695e-01
,1.00147584e-06],
[2.24327450e-06,2.56140240e-06,2.01537931e-04,9.99780873e-01
,1.27844340e-05],
[9.89798652e-01,4.12958714e-04,3.69544024e-03,5.93976635e-03
,1.53182705e-04],
[2.38227446e-06,5.90909874e-05,1.98211039e-04,9.99736113e-01
,4.20247563e-06],
[0.00733096,0.03247321,0.82515381,0.12433815,0.01070387],
[0.02316129,0.01287671,0.33168923,0.6308831,0.00138968],
[2.24275085e-06,2.55962798e-06,2.01272711e-04,9.99781168e-01
,1.27573453e-05],
[1.14277570e-04,7.31046568e-06,2.25614271e-05,9.98300412e-01
,1.55543846e-03],
[0.54007992,0.01657876,0.0167586,0.34954536,0.07703736],
[1.14264726e-04,7.31024571e-06,2.25628350e-05,9.98300637e-01
,1.55522502e-03],
[1.14130256e-04,7.31740369e-06,2.25778918e-05,9.98303747e-01
,1.55222761e-03],
[1.03722642e-04,5.47415806e-06,1.30114722e-05,9.99237172e-01
,6.40619887e-04],
[7.52956580e-05,2.14629513e-07,1.32277950e-05,9.99911262e-01
,3.83498319e-10],
[0.00282529,0.00165299,0.15952098,0.83416561,0.00183513],
[8.21864115e-05,2.19238871e-07,1.42881401e-05,9.99903306e-01
,3.88425369e-10],
[3.31936078e-01,2.47185098e-03,5.63940432e-01,1.01630131e-01
,2.15085786e-05],
[1.14277686e-04,7.31047323e-06,2.25614506e-05,9.98300410e-01
,1.55543990e-03],
[1.92159377e-02,2.32255684e-01,2.55017756e-01,4.93153170e-01
,3.57452561e-04],
[7.96369485e-05,2.49675290e-06,2.92633156e-06,9.99857033e-01
,5.79065770e-05],
[7.62858258e-06,3.56782986e-06,1.02027975e-04,9.99829866e-01
,5.69100327e-05],
[9.85753589e-01,6.20296022e-04,5.13825007e-03,8.13878802e-03
,3.49076539e-04],
[7.21316680e-05,6.46839231e-06,2.91777542e-05,9.99005666e-01
,8.86555880e-04],
[1.14277715e-04,7.31046004e-06,2.25614183e-05,9.98300416e-01
,1.55543410e-03],
[2.24375570e-06,2.56196093e-06,2.01582249e-04,9.99780825e-01
,1.27869307e-05],
[2.24334287e-06,2.56142326e-06,2.01534514e-04,9.99780876e-01
,1.27849099e-05],
[0.5738417,0.01788585,0.01806796,0.30782069,0.0823838,],
[2.24757411e-06,2.55516716e-06,1.99964472e-04,9.99782530e-01
,1.27030885e-05],
[0.14080655,0.01063022,0.03568618,0.047968,0.76490904],
[0.19419051,0.01189928,0.04168777,0.05609277,0.69612967],
[3.34793051e-01,3.06207463e-02,5.36582964e-01,9.79947933e-02
,8.44617073e-06],
[9.88027737e-01,2.45727422e-03,3.60019623e-03,5.83319697e-03
,8.15950983e-05],
[3.71826339e-01,2.52060018e-03,5.06211589e-01,1.19425085e-01
,1.63857556e-05],
[0.13979926,0.01057797,0.03561747,0.04757781,0.76642749],
[3.43254994e-01,2.49548996e-03,5.52651236e-01,1.01575765e-01
,2.25141508e-05],
[3.91623103e-03,2.10183501e-03,5.31316810e-02,9.40564299e-01
,2.85954419e-04],
[9.89798641e-01,4.12959241e-04,3.69544355e-03,5.93977290e-03
,1.53183071e-04],
[2.26311211e-06,2.56743420e-06,2.00553153e-04,9.99781694e-01
,1.29226517e-05],
[0.57459112,0.0179125,0.01809307,0.30694879,0.08245453],
[3.75056268e-06,2.20906033e-06,1.96842451e-04,9.99791564e-01
,5.63408138e-06],
[9.90001107e-01,1.70151321e-04,4.56776017e-04,9.36795388e-03
,4.01213493e-06],
[9.32121353e-01,6.46400473e-04,8.32075023e-03,5.89090181e-02
,2.47777745e-06],
[7.32053183e-03,7.28250954e-02,6.53888198e-02,8.54297693e-01
,1.67860325e-04],
[0.00724777,0.0097879,0.84025743,0.12606695,0.01663993],
[0.17149222,0.0229816,0.11954841,0.67013682,0.01584095],
[0.02374525,0.01411639,0.40372587,0.55593799,0.00247449],
[4.03998225e-01,2.64708675e-03,4.92242086e-01,1.01082315e-01
,3.02878925e-05],
[2.24060333e-06,2.55125281e-06,1.99988952e-04,9.99782588e-01
,1.26308285e-05],
[3.83216050e-03,6.10945745e-07,1.47735271e-06,9.96165705e-01
,4.64537270e-08],
[1.74889734e-06,8.25221831e-07,1.95107826e-05,9.99977659e-01
,2.56206203e-07],
[7.31955839e-05,2.36858211e-06,1.77689622e-06,9.99898542e-01
,2.41173597e-05],
[2.24327450e-06,2.56140240e-06,2.01537931e-04,9.99780873e-01
,1.27844340e-05],
[0.25334974,0.02396492,0.0843364,0.61200156,0.02634738],
[0.00646107,0.1895666,0.69376939,0.10561165,0.00459129],
[2.22910551e-06,2.51367749e-06,1.94462234e-04,9.99788726e-01
,1.20692443e-05],
[0.5745898,0.01791028,0.01809309,0.30694868,0.08245815],
[1.09245368e-04,7.22352627e-06,2.31371474e-05,9.98388230e-01
,1.47216431e-03],
[0.13980786,0.01057813,0.03561919,0.04756847,0.76642635],
[0.0072498,0.00979065,0.84047618,0.12584164,0.01664174],
[0.02314832,0.0128788,0.33169814,0.63088381,0.00139092],
[5.83215671e-01,2.57420638e-03,3.25941596e-01,8.82251424e-02
,4.33842261e-05],
[1.14079266e-04,7.31469573e-06,2.26326668e-05,9.98304886e-01
,1.55108769e-03],
[0.14169264,0.01067628,0.03574602,0.04831331,0.76357175],
[9.82106738e-01,8.90051845e-03,3.39594861e-03,5.54973964e-03
,4.70553016e-05],
[0.01187539,0.00943049,0.45275841,0.48943835,0.03649736],
[1.42908396e-06,6.72216833e-07,1.58681311e-05,9.99981817e-01
,2.13192250e-07],
[5.17519342e-06,5.32169546e-06,3.69733690e-04,9.99591025e-01
,2.87448716e-05],
[6.85906109e-05,2.52562541e-06,2.06202482e-06,9.99901443e-01
,2.53785212e-05],
[1.37995593e-04,2.42596635e-07,9.83059965e-06,9.99851931e-01
,6.53483698e-10],
[1.73302722e-04,5.84494273e-06,8.78056213e-06,9.99812072e-01
,2.63828165e-10],
[2.24358842e-06,2.56149816e-06,2.01522243e-04,9.99780886e-01
,1.27866191e-05],
[7.29026144e-05,1.92124785e-06,1.77886229e-06,9.99897423e-01
,2.59746399e-05],
[1.16034133e-04,7.43288890e-06,2.29491933e-05,9.98277092e-01
,1.57649151e-03],
[3.24342598e-04,2.26298773e-05,6.26498065e-05,9.96006815e-01
,3.58356249e-03],
[0.1398004,0.01057781,0.0356179,0.04757191,0.76643198],
[1.29856806e-04,8.14588809e-07,1.69442155e-04,9.99699866e-01
,2.05201145e-08],
[1.27149636e-04,8.00793403e-07,1.67440406e-04,9.99704589e-01
,2.04689245e-08],
[7.46058571e-05,6.41400847e-06,1.76756254e-06,9.99900270e-01
,1.69428027e-05],
[7.29026743e-05,1.92125254e-06,1.77887055e-06,9.99897422e-01
,2.59748340e-05],
[2.28684551e-06,2.55354401e-06,2.00904071e-04,9.99781701e-01
,1.25543730e-05],
[1.43146175e-06,7.33154570e-07,1.58608807e-05,9.99981768e-01
,2.06735660e-07],
[2.24327469e-06,2.56140234e-06,2.01537931e-04,9.99780873e-01
,1.27844322e-05],
[0.14469853,0.01072922,0.03631524,0.04849616,0.75976086],
[0.01052359,0.01163465,0.76138071,0.20581401,0.01064704],
[0.5752865,0.01581626,0.01628185,0.32774162,0.06487377],
[1.14277508e-04,7.31046291e-06,2.25614226e-05,9.98300413e-01
,1.55543759e-03],
[5.90415146e-01,1.81126264e-03,1.23974403e-01,2.83798187e-01
