# -*- coding: utf-8 -*-
a=[
[0.63275608,0.08303375,0.0629641,0.12871113,0.09253494],
[0.47212522,0.10930838,0.08417424,0.23387979,0.10051237],
[0.73540002,0.06496242,0.04915199,0.09007648,0.06040909],
[0.24917625,0.13025592,0.10136092,0.37988765,0.13931927],
[0.5003165,0.10589125,0.0817326,0.21346569,0.09859396],
[0.75143591,0.06192785,0.04688683,0.08372191,0.05602751],
[0.57282231,0.09277755,0.0709055,0.14743044,0.1160642,],
[0.36250538,0.12082554,0.09294572,0.26661169,0.15711167],
[0.45536274,0.10953114,0.08317641,0.23334208,0.11858764],
[0.5204389,0.10280396,0.07924869,0.19172363,0.10578481],
[0.32969809,0.11863981,0.09047521,0.23583499,0.2253519,],
[0.55528147,0.09242372,0.07052881,0.13345882,0.14830718],
[0.30273641,0.12818373,0.10057429,0.35393611,0.11456945],
[0.53389664,0.09993517,0.07662233,0.17870045,0.11084541],
[0.38530671,0.11785923,0.09035651,0.24789866,0.1585789,],
[0.25875424,0.12868478,0.09979154,0.30989301,0.20287643],
[0.75254776,0.06193742,0.04686397,0.08772347,0.05092738],
[0.40567249,0.11691263,0.09011207,0.24486009,0.14244272],
[0.60299529,0.08667548,0.06605272,0.12548013,0.11879638],
[0.323656,0.12542563,0.09709324,0.31950153,0.1343236,],
[0.28965179,0.12736096,0.09839505,0.31593866,0.16865356],
[0.34984013,0.11462173,0.08777324,0.20274205,0.24502285],
[0.47668882,0.10374767,0.07897442,0.17298199,0.1676071,],
[0.34109523,0.12239652,0.09479304,0.34617702,0.09553819],
[0.55716227,0.09617367,0.07315832,0.18733274,0.08617299],
[0.43759891,0.11308425,0.08684691,0.25952165,0.10294829],
[0.67220211,0.07380504,0.05573414,0.09546068,0.10279804],
[0.56060197,0.09424042,0.07177595,0.15344769,0.11993396],
[0.55163835,0.09545121,0.07294429,0.15202985,0.1279363,],
[0.59004452,0.08340912,0.06323003,0.10490143,0.1584149,],
[0.37130263,0.11470319,0.08933263,0.18853291,0.23612864],
[0.21960741,0.11128775,0.0847656,0.20175606,0.38258319],
[0.5505156,0.09610754,0.07344707,0.15706918,0.1228606,],
[0.29992615,0.10946262,0.08230427,0.18989797,0.31840898],
[0.58351255,0.09277507,0.0710318,0.16607973,0.08660084],
[0.36536234,0.12099766,0.0932197,0.2699433,0.15047701],
[0.58097311,0.0902535,0.06884757,0.13476375,0.12516208],
[0.57864581,0.09021542,0.06879289,0.13320362,0.12914226],
[0.4051442,0.11577149,0.08903545,0.22899092,0.16105795],
[0.47629139,0.10537671,0.08111034,0.17343599,0.16378557],
[0.50664087,0.10440949,0.08016299,0.20875433,0.10003233],
[0.24581945,0.12855616,0.09899127,0.33020154,0.19643158],
[0.47274576,0.10909489,0.08390948,0.23226749,0.10198238],
[0.22531139,0.1295522,0.09986455,0.35306264,0.19220921],
[0.35278271,0.12110796,0.09265396,0.28058999,0.15286538],
[0.62967431,0.08299555,0.06322116,0.11990769,0.10420128],
[0.60234377,0.08143334,0.06203156,0.09793438,0.15625696],
[0.52177311,0.10255912,0.07891583,0.20641109,0.09034084],
[0.40478206,0.11627627,0.08951726,0.23461992,0.15480448],
[0.55500212,0.0977532,0.07524395,0.19048624,0.08151449],
[0.60591724,0.08945726,0.06861943,0.15793475,0.07807132],
[0.42172275,0.11502107,0.08851508,0.23884319,0.13589791],
[0.35330748,0.12226149,0.09424675,0.27908032,0.15110397],
[0.65640685,0.07737099,0.05887969,0.1017783,0.10556417],
[0.7510665,0.06226713,0.04738404,0.08291672,0.05636562],
[0.37506619,0.12042898,0.09300339,0.26412581,0.14737563],
[0.52863783,0.10078026,0.0772541,0.18356376,0.10976405],
[0.40213237,0.11617959,0.08889373,0.28911272,0.1036816,],
[0.51262036,0.10045282,0.07647362,0.16891576,0.14153744],
[0.34570504,0.11314501,0.08653312,0.1940656,0.26055124],
[0.44820542,0.1054701,0.08025725,0.17318187,0.19288536],
[0.79614203,0.05315416,0.04025236,0.06967437,0.04077708],
[0.26789254,0.12712188,0.09730451,0.35745796,0.15022311],
[0.46016655,0.10450021,0.07995389,0.16574489,0.18963447],
[0.41648374,0.11560522,0.08879115,0.25460178,0.12451811],
[0.47663724,0.10245524,0.07856899,0.1568215,0.18551703],
[0.5961735,0.08922526,0.06832846,0.13614207,0.11013071],
[0.51643327,0.09803001,0.0743502,0.15560758,0.15557894],
[0.5243671,0.10096808,0.0771876,0.22164217,0.07583505],
[0.50283599,0.09442971,0.07167516,0.12966079,0.20139835],
[0.48245069,0.10385351,0.0788326,0.18099716,0.15386604],
[0.312571,0.10914702,0.08355667,0.17198983,0.32273548],
[0.53639248,0.09805432,0.07546932,0.23629571,0.05378817],
[0.65989093,0.08012415,0.06135878,0.12983986,0.06878628],
[0.36562971,0.11408457,0.08662771,0.21196037,0.22169765],
[0.69925768,0.071457,0.05440399,0.09680213,0.07807919],
[0.4090372,0.11556325,0.08821929,0.26199078,0.12518948],
[0.40923473,0.11737373,0.09094615,0.24671596,0.13572943],
[0.54979357,0.09772111,0.07477981,0.17902925,0.09867626],
[0.35223845,0.12285955,0.09515254,0.31394673,0.11580274],
[0.48086381,0.10777933,0.08297297,0.20632365,0.12206023],
[0.45367886,0.10754891,0.08245883,0.18229929,0.17401412],
[0.42758082,0.10959163,0.08389987,0.1880158,0.19091188],
[0.50360808,0.10474635,0.08063034,0.19537867,0.11563655],
[0.61478694,0.08627687,0.06618087,0.12677081,0.10598451],
[0.77527152,0.05731546,0.04323756,0.08039433,0.04378113],
[0.34909829,0.122661,0.09446016,0.29475385,0.13902669],
[0.36704328,0.1206718,0.09271452,0.29072698,0.12884342],
[0.6037604,0.08960641,0.06869219,0.1536631,0.0842779,],
[0.54577945,0.09904689,0.0761649,0.18858441,0.09042435],
[0.32248447,0.12409375,0.09516153,0.31471804,0.14354222],
[0.56048101,0.09616117,0.07350703,0.17933243,0.09051836],
[0.78707658,0.05481117,0.04130223,0.07463723,0.04217278],
[0.61142227,0.08520528,0.06464201,0.12492635,0.11380409],
[0.7058314,0.07204174,0.05594034,0.12927649,0.03691003],
[0.62134745,0.08695179,0.06678589,0.1606272,0.06428766],
[0.4658649,0.10162982,0.0772346,0.15607163,0.19919905],
[0.51805324,0.10293528,0.07911976,0.19938501,0.10050671],
[0.31597026,0.12396143,0.09576509,0.26665379,0.19764943],
[0.55711173,0.09742591,0.07507411,0.19424291,0.07614533],
[0.60831436,0.08757295,0.06723197,0.13089324,0.10598747],
[0.36778639,0.12056106,0.09385035,0.33024489,0.0875573,],
[0.45174796,0.11142366,0.08553077,0.23286692,0.11843069],
[0.35096022,0.12166696,0.09338758,0.27652007,0.15746518],
[0.48507611,0.1077517,0.08304946,0.21536362,0.10875912],
[0.45989416,0.11094599,0.08582674,0.21260669,0.1307264,],
[0.59199769,0.09143761,0.07003957,0.15989237,0.08663276],
[0.63644201,0.08193564,0.06237529,0.11812581,0.10112125],
[0.27843402,0.127573,0.0993738,0.38789538,0.1067238,],
[0.63326362,0.08243688,0.06224362,0.12764758,0.0944083,],
[0.51245052,0.09651675,0.07402258,0.13561018,0.18139997],
[0.48158437,0.10768531,0.08280521,0.23875957,0.08916553],
[0.49444866,0.09848427,0.07508469,0.14475188,0.18723051],
[0.57386346,0.09465879,0.0729648,0.16078242,0.09773053],
[0.31633893,0.12473654,0.09609468,0.28799892,0.17483093],
[0.52065412,0.10256666,0.07888714,0.19370592,0.10418616],
[0.23296211,0.12679448,0.09640942,0.34222254,0.20161145],
[0.25226453,0.12649844,0.09627594,0.33632389,0.18863721],
[0.53709338,0.10044261,0.07732939,0.19658324,0.08855138],
[0.25317322,0.11266223,0.08582238,0.20077005,0.34757212],
[0.40572629,0.11159647,0.08534989,0.19646402,0.20086333],
[0.33772942,0.12145576,0.09302537,0.26352936,0.1842601,],
[0.59548788,0.08820562,0.06770943,0.12533439,0.12326268],
[0.66736422,0.07447284,0.05654985,0.09332756,0.10828553],
[0.42726579,0.11489135,0.08904586,0.22538901,0.14340799],
[0.50556368,0.10222705,0.07906621,0.16091291,0.15223015],
[0.5323395,0.10045845,0.07704673,0.18516423,0.10499109],
[0.75619349,0.06154947,0.04673961,0.08895116,0.04656626],
[0.60071709,0.08867577,0.06756129,0.141667,0.10137884],
[0.29400826,0.12729748,0.09844633,0.31515679,0.16509114],
[0.49275712,0.1059523,0.08135295,0.20187148,0.11806615],
[0.68517188,0.07481222,0.05678881,0.11702369,0.0662034,],
[0.58319706,0.09230518,0.07058579,0.15638406,0.0975279,],
[0.35920077,0.11214377,0.08487722,0.20065371,0.24312453],
[0.64808303,0.07712019,0.05825865,0.0999479,0.11659023],
[0.80992306,0.05001479,0.03761673,0.06741168,0.03503374],
[0.64383013,0.08374902,0.06474026,0.14595714,0.06172345],
[0.61927659,0.08271143,0.06215913,0.12046333,0.11538951],
[0.4035655,0.11042206,0.08378869,0.19581418,0.20640957],
[0.51904887,0.10111742,0.07712131,0.18143659,0.12127581],
[0.54340926,0.09952852,0.07662645,0.19101206,0.08942371],
[0.39429422,0.11664746,0.0894957,0.23594247,0.16362013],
[0.38739635,0.1171777,0.0896244,0.24442088,0.16138066],
[0.27594521,0.11919477,0.09097268,0.23648673,0.27740061],
[0.43064147,0.11227149,0.08595089,0.21672278,0.15441338],
[0.31397903,0.12621926,0.09779076,0.30358843,0.15842253],
[0.5803779,0.09342106,0.07172594,0.18464013,0.06983497],
[0.52591514,0.10004917,0.07670918,0.16804188,0.12928463],
[0.33199655,0.12209777,0.09330026,0.27730636,0.17529906],
[0.52300442,0.10201908,0.07827105,0.20753928,0.08916616],
[0.35146465,0.12258234,0.09449416,0.29127722,0.14018163],
[0.41052392,0.11356796,0.08646537,0.22489709,0.16454566],
[0.65876169,0.08001679,0.06106854,0.13068523,0.06946775],
[0.56305109,0.09611255,0.07372869,0.17518082,0.09192685],
[0.55128179,0.09516021,0.07313028,0.14366295,0.13676477],
[0.42149867,0.11554624,0.08906157,0.25451468,0.11937884],
[0.43591897,0.11025896,0.08468378,0.19321805,0.17592024],
[0.39316191,0.11830323,0.09130773,0.24798323,0.14924391],
[0.5724669,0.09510076,0.07329354,0.16785003,0.09128877],
[0.7002754,0.07156652,0.05429513,0.10247663,0.07138633],
[0.51465589,0.10308716,0.07900244,0.21062325,0.09263126],
[0.78975276,0.05421452,0.04084166,0.07283387,0.04235719],
[0.47719161,0.10669014,0.08104804,0.21425316,0.12081706],
[0.50962641,0.10147757,0.07765169,0.16950765,0.14173667],
[0.27051853,0.12836369,0.09905336,0.33906198,0.16300244],
[0.71429317,0.06958219,0.05279223,0.10856324,0.05476918],
[0.43830492,0.10843133,0.08265542,0.18864169,0.18196664],
[0.62599976,0.08247927,0.06269376,0.11472204,0.11410518],
[0.32398909,0.12029966,0.09243042,0.23831378,0.22496705],
[0.4086594,0.11672716,0.09019414,0.23869377,0.14572553],
[0.60306217,0.08695963,0.06624651,0.12796477,0.11576692],
[0.31231321,0.12430764,0.09645439,0.37224675,0.09467801],
[0.34531906,0.12244842,0.09418457,0.31992394,0.118124,],
[0.71734385,0.06832711,0.05174742,0.0960759,0.06650571],
[0.28490791,0.12255,0.09389146,0.25899782,0.23965281],
[0.79264959,0.05312568,0.03989603,0.06702063,0.04730807],
[0.35288517,0.12194411,0.09414587,0.26378708,0.16723778],
[0.26311393,0.12807139,0.09857105,0.33042223,0.17982139],
[0.34224326,0.12286751,0.09465121,0.27764551,0.16259252],
[0.42415617,0.11460838,0.0883762,0.27976571,0.09309354],
[0.72483458,0.06739093,0.05139819,0.09227819,0.06409811],
[0.5097317,0.1040223,0.08048175,0.23315725,0.072607,],
[0.28123432,0.11082916,0.08438691,0.18708331,0.3364663,],
[0.61483096,0.08806308,0.06758694,0.15685257,0.07266645],
[0.63469006,0.08402803,0.0642552,0.13421836,0.08280836],
[0.55936962,0.093667,0.07098422,0.15216953,0.12380964],
[0.51676711,0.10247656,0.07874774,0.18439125,0.11761734],
[0.27858068,0.12453812,0.09580069,0.27301468,0.22806582],
[0.63713058,0.08334389,0.06356127,0.13290499,0.08305927],
[0.73696456,0.06424892,0.04858295,0.08527517,0.0649284,],
[0.48459406,0.10500897,0.08024422,0.18502474,0.14512801],
[0.35139922,0.12075187,0.09273669,0.25606302,0.1790492,],
[0.64990522,0.08192919,0.06274003,0.14225168,0.06317387],
[0.64634604,0.08252373,0.06319751,0.13840256,0.06953016],
[0.2739085,0.11270857,0.08530788,0.20401907,0.32405599],
[0.34641305,0.12234363,0.09391688,0.29198668,0.14533976],
[0.51299981,0.10399882,0.08015829,0.20763768,0.09520539],
[0.49274366,0.10051938,0.07647067,0.15797801,0.17228828],
[0.70434507,0.07183726,0.05478023,0.11584367,0.05319377],
[0.59897342,0.08686913,0.06621958,0.12372121,0.12421665],
[0.4510037,0.11106733,0.08530467,0.21767633,0.13494798],
[0.48333573,0.1067121,0.08194888,0.19768154,0.13032176],
[0.40632603,0.11498236,0.08801341,0.22925931,0.16141889],
[0.40257913,0.11510961,0.08903162,0.20937913,0.18390051],
[0.51599888,0.1014544,0.07730294,0.18356387,0.12167992],
[0.52839493,0.09990471,0.07639117,0.17359075,0.12171844],
[0.29013815,0.12429467,0.09491762,0.28929727,0.20135229],
[0.38848905,0.12038151,0.09383546,0.25509079,0.14220318],
[0.67599851,0.07422503,0.05655044,0.09546555,0.09776047],
[0.35949257,0.12042472,0.09266523,0.25313527,0.17428221],
[0.60242062,0.08876179,0.0675214,0.14835892,0.09293728],
[0.71951417,0.06863355,0.05208206,0.10866427,0.05110595],
[0.62743137,0.08437419,0.0643685,0.12875706,0.09506888],
[0.42750204,0.1129837,0.08657619,0.22073334,0.15220472],
[0.5636875,0.092539,0.07076628,0.13720656,0.13580066],
[0.5045747,0.1045351,0.08030223,0.22550571,0.08508226],
[0.64991165,0.07730384,0.05885793,0.09753326,0.11639332],
[0.48393454,0.10671929,0.082074,0.19476747,0.13250469],
[0.51096662,0.10381803,0.07978937,0.1988026,0.10662338],
[0.47301703,0.10567523,0.08063718,0.18405987,0.15661069],
[0.45784107,0.11050151,0.08505842,0.21300966,0.13358934],
[0.55830659,0.09426096,0.07213859,0.14573918,0.12955469],
[0.53017017,0.1013432,0.07795401,0.19831751,0.09221511],
[0.7788669,0.05651587,0.04262076,0.07752999,0.04446649],
[0.54532642,0.09878942,0.07594818,0.17735323,0.10258276],
[0.26463509,0.12885192,0.09959607,0.33855952,0.1683574,],
[0.1964781,0.0972004,0.07293401,0.15613626,0.47725123],
[0.33161457,0.12425288,0.09579282,0.31227997,0.13605976],
[0.29708521,0.12448591,0.09571178,0.27674386,0.20597324],
[0.46182345,0.11025997,0.08464156,0.23524363,0.10803139],
[0.62296554,0.08497851,0.06492224,0.12770244,0.09943127],
[0.79313177,0.05347891,0.04027378,0.07105693,0.04205862],
[0.49332381,0.10379253,0.07956112,0.17579262,0.14752991],
[0.63752384,0.08070804,0.06169032,0.10733718,0.11274062],
[0.24541581,0.12708938,0.09743425,0.31516014,0.21490043],
[0.23641257,0.1275584,0.09738579,0.34448551,0.19415773],
[0.53476998,0.10077301,0.07786922,0.2122461,0.07434169],
[0.40318513,0.09990626,0.07577051,0.13948906,0.28164904],
[0.58193692,0.09227048,0.07036825,0.15857431,0.09685005],
[0.48006284,0.10752628,0.08272923,0.2005124,0.12916926],
[0.66036629,0.07928468,0.06023087,0.12841375,0.07170441],
[0.22059358,0.12773852,0.09823173,0.32015713,0.23327904],
[0.1509057,0.12613477,0.09766342,0.50803379,0.11726231],
[0.21600256,0.13026978,0.10079513,0.35351909,0.19941344],
[0.26893165,0.12629149,0.09719584,0.29281992,0.2147611,],
[0.26470645,0.12641848,0.09723615,0.29560823,0.21603069],
[0.20365748,0.13043637,0.10126706,0.42514485,0.13949425],
[0.24359916,0.12993281,0.10082468,0.32966259,0.19598075],
[0.17372508,0.11931921,0.09111633,0.2710951,0.34474428],
[0.1760675,0.11781279,0.09016188,0.25540154,0.36055629],
[0.19356865,0.13122121,0.1022502,0.42602359,0.14693634],
[0.15238345,0.11194969,0.08605018,0.22755287,0.42206381],
[0.17758643,0.11107626,0.08479396,0.21475336,0.41178998],
[0.26301982,0.12880178,0.09957863,0.3278004,0.18079937],
[0.15890102,0.12873861,0.09896727,0.42557707,0.18781603],
[0.25296513,0.11816448,0.08983014,0.23719575,0.30184451],
[0.24396708,0.1307034,0.10168411,0.37216797,0.15147744],
[0.23318975,0.13000828,0.1005047,0.35327601,0.18302126],
[0.30472143,0.12501062,0.09707047,0.26430071,0.20889677],
[0.26113432,0.12758252,0.0986843,0.2974954,0.21510345],
[0.25189645,0.12876989,0.09962537,0.3171865,0.20252179],
[0.24938415,0.12744203,0.09789197,0.39972801,0.12555384],
[0.22427389,0.13026014,0.1007301,0.35856489,0.18617099],
[0.31157201,0.12600287,0.09732733,0.30876563,0.15633215],
[0.18854473,0.1293462,0.10040449,0.45462561,0.12707898],
[0.26672692,0.13094464,0.10253585,0.33728305,0.16250955],
[0.26883883,0.13060115,0.10212693,0.34172375,0.15670934],
[0.20039884,0.12999062,0.10021359,0.37525729,0.19413966],
[0.19884211,0.12896111,0.09993351,0.32701955,0.24524372],
[0.21694462,0.13040186,0.10130204,0.41555226,0.13579922],
[0.2590549,0.12348218,0.09491598,0.26272552,0.25982142],
[0.28634408,0.12783011,0.09882065,0.33473308,0.15227209],
[0.19554862,0.13038387,0.10074507,0.37803873,0.19528371],
[0.23834271,0.1297068,0.1001417,0.35553681,0.17627196],
[0.22286808,0.12932474,0.10127298,0.44186111,0.10467309],
[0.18034921,0.12797118,0.09857092,0.34243003,0.25067866],
[0.23345743,0.13139428,0.1026823,0.33430953,0.19815646],
[0.1232941,0.09464609,0.07178549,0.17061969,0.53965463],
[0.1988441,0.13100637,0.10158306,0.40020539,0.16836108],
[0.26695603,0.12861078,0.10004025,0.30009677,0.20429617],
[0.08152386,0.06702652,0.05049475,0.0970259,0.70392896],
[0.1572627,0.11786793,0.08972953,0.27686224,0.3582776,],
[0.18522344,0.12568532,0.09623097,0.32121683,0.27164344],
[0.24484495,0.12956464,0.10011036,0.37127814,0.1542019,],
[0.21996392,0.1310388,0.10184368,0.39666674,0.15048686],
[0.20831809,0.1276874,0.09889447,0.4567666,0.10833344],
[0.29683542,0.12813565,0.09971868,0.31301021,0.16230004],
[0.33515679,0.12060573,0.09260676,0.24573108,0.20589963],
[0.21638259,0.12978654,0.10015721,0.40463423,0.14903943],
[0.20620231,0.13176349,0.10258637,0.38695728,0.17249055],
[0.17767355,0.1278756,0.09855324,0.3413617,0.25453591],
[0.12380005,0.07588376,0.05749131,0.10235743,0.64046744],
[0.15613435,0.12925851,0.09974217,0.40880799,0.20605699],
[0.20350961,0.11986812,0.09195458,0.25221406,0.33245363],
[0.19207658,0.12393937,0.09504345,0.293097,0.2958436,],
[0.19895799,0.12917949,0.09969069,0.34525136,0.22692047],
[0.29835994,0.12596424,0.09677339,0.31347208,0.16543035],
[0.19767018,0.12594927,0.09734066,0.29700748,0.28203241],
[0.33242722,0.12452572,0.09623761,0.2987754,0.14803405],
[0.10907528,0.08298295,0.06265615,0.13473279,0.61055283],
[0.30903353,0.1254287,0.09658919,0.29913647,0.1698121,],
[0.20892368,0.12350132,0.09511987,0.27305805,0.29939707],
[0.2235024,0.12775558,0.09817654,0.32156271,0.22900277],
[0.27218137,0.12814291,0.09887031,0.3278122,0.17299322],
[0.24814709,0.13099042,0.10211425,0.34575308,0.17299515],
[0.22612919,0.12808406,0.09852219,0.32394956,0.22331501],
[0.21414129,0.13007369,0.10115786,0.32666223,0.22796493],
[0.10354768,0.0965293,0.07317797,0.19592988,0.53081516],
[0.18592727,0.12826042,0.09985107,0.47540717,0.11055406],
[0.23297807,0.12932016,0.09976871,0.33933649,0.19859659],
[0.16928526,0.12398121,0.09547422,0.30219011,0.30906919],
[0.25440612,0.12959296,0.10042994,0.33411035,0.18146063],
[0.15399625,0.12572796,0.09619465,0.35685401,0.26722713],
[0.26143394,0.12679859,0.09696867,0.32230401,0.19249479],
[0.31335642,0.1256266,0.0968515,0.3231788,0.14098668],
[0.17889146,0.13028512,0.10100661,0.43749171,0.15232509],
[0.30914178,0.12636946,0.09771643,0.31856378,0.14820856],
[0.20583478,0.13127202,0.10200103,0.40078958,0.1601026,],
[0.24588127,0.12795702,0.09885475,0.30589908,0.22140788],
[0.13383992,0.12804766,0.09944108,0.3893514,0.24931994],
[0.22466162,0.13078457,0.10138332,0.36581055,0.17735994],
[0.22354345,0.13042393,0.10087779,0.36814764,0.1770072,],
[0.23202226,0.1297816,0.10048347,0.33470252,0.20301014],
[0.19495901,0.12898153,0.09883452,0.40540621,0.17181873],
[0.25563223,0.12745294,0.09774327,0.32387333,0.19529821],
[0.30814309,0.12466267,0.09620729,0.36456078,0.10642617],
[0.24672204,0.12606114,0.09696025,0.29058496,0.23967161],
[0.28708808,0.12741423,0.0985735,0.30573117,0.18119303],
[0.24845074,0.12808477,0.09886073,0.31129976,0.213304,],
[0.23736397,0.1254866,0.09585415,0.30082091,0.24047436],
[0.25490163,0.12793527,0.09936565,0.40965393,0.10814352],
[0.3078912,0.125309,0.09688095,0.28054529,0.18937356],
[0.10747524,0.08742638,0.06618315,0.15178245,0.58713278],
[0.26697281,0.12822154,0.09896056,0.32200527,0.18383982],
[0.14202631,0.12638547,0.09874868,0.52129501,0.11154453],
[0.2286369,0.12229123,0.09357808,0.26589275,0.28960104],
[0.23262024,0.12614737,0.09711374,0.29187427,0.25224439],
[0.26373279,0.13024158,0.10152217,0.35986287,0.14464059],
[0.24732211,0.12991621,0.10060151,0.35447147,0.16768869],
[0.20234285,0.13058133,0.10114507,0.40984339,0.15608736],
[0.20800734,0.13159951,0.10248414,0.36533066,0.19257835],
[0.24629338,0.12925329,0.10003036,0.32540984,0.19901314],
[0.25802397,0.12840105,0.09908154,0.32133238,0.19316106],
[0.22240486,0.12982979,0.10021748,0.35217025,0.19537762],
[0.20901821,0.1307195,0.10119367,0.3934879,0.16558073],
[0.23976692,0.1304789,0.10119873,0.36073548,0.16781997],
[0.28268387,0.12717032,0.09780178,0.34107805,0.15126598],
[0.15993912,0.11215911,0.085184,0.23679116,0.40592661],
[0.24217693,0.12854312,0.09953332,0.3092315,0.22051513],
[0.19045736,0.13169327,0.10260176,0.40949914,0.16574847],
[0.35377812,0.12135672,0.09374908,0.25315291,0.17796317],
[0.34938122,0.1191872,0.09137833,0.2389705,0.20108275],
[0.24137049,0.12981405,0.10047635,0.33992316,0.18841595],
[0.25719634,0.12904522,0.09975058,0.33186294,0.18214492],
[0.25183361,0.12879872,0.09918352,0.36657336,0.15361079],
[0.32120222,0.12370947,0.09484077,0.28880232,0.17144521],
[0.22613379,0.13214331,0.10491619,0.29971816,0.23708856],
[0.32383501,0.11855237,0.09175279,0.21478008,0.25107974],
[0.25716932,0.13259053,0.10478165,0.36233893,0.14311957],
[0.17894638,0.13164633,0.10290016,0.36754178,0.21896535],
[0.27069432,0.13044518,0.10197516,0.34351113,0.15337421],
[0.10190495,0.0768266,0.05880655,0.11086292,0.65159898],
[0.17137146,0.13527364,0.10830685,0.35795124,0.22709681],
[0.24253872,0.13353936,0.1056596,0.34159092,0.1766714,],
[0.25640257,0.1281323,0.0988489,0.31564883,0.20096739],
[0.16674011,0.1292332,0.10094143,0.47935837,0.12372688],
[0.24747694,0.12811311,0.09888202,0.3116814,0.21384652],
[0.20221392,0.12539568,0.09630933,0.30044261,0.27563846],
[0.17700615,0.13179557,0.10308518,0.43175483,0.15635827],
[0.23348896,0.13314246,0.10485927,0.35607581,0.1724335,],
[0.19582202,0.13134754,0.10231269,0.41974927,0.15076848],
[0.21399805,0.13857871,0.11251226,0.35007113,0.18483985],
[0.25281718,0.12915989,0.09979938,0.33535396,0.18286959],
[0.1751299,0.13833605,0.11374176,0.45437962,0.11841267],
[0.28599814,0.12760652,0.10037094,0.26397209,0.2220523,],
[0.19037744,0.11999912,0.09195732,0.26155308,0.33611305],
[0.29416587,0.1282678,0.10248237,0.24456317,0.23052078],
[0.26416762,0.12744086,0.09834895,0.30299419,0.20704839],
[0.23836391,0.13035633,0.10153532,0.39824019,0.13150425],
[0.28874542,0.13336237,0.10689078,0.3284561,0.14254533],
[0.18615003,0.136471,0.10966238,0.42020929,0.14750731],
[0.18729777,0.12673913,0.09786509,0.47857458,0.10952343],
[0.18290506,0.13131328,0.10211291,0.41348696,0.17018179],
[0.1568519,0.1194011,0.09336632,0.25170708,0.3786736,],
[0.22478344,0.12120172,0.09321275,0.25096635,0.30983574],
[0.33505953,0.12544722,0.09818204,0.26940777,0.17190344],
[0.28386028,0.12697825,0.09884337,0.27796462,0.21235349],
[0.23385676,0.13091096,0.10171371,0.36599583,0.16752274],
[0.24778389,0.13019577,0.10108091,0.34059861,0.18034081],
[0.30046814,0.13170089,0.10496679,0.31475169,0.14811249],
[0.18127767,0.13260371,0.10423917,0.43212341,0.14975604],
[0.21867934,0.13465735,0.10731022,0.3303497,0.20900339],
[0.19105461,0.12974938,0.10034056,0.43289583,0.14595963],
[0.32795527,0.12675088,0.09923832,0.29429001,0.15176552],
[0.19150553,0.13310422,0.10452591,0.40332502,0.16753933],
[0.19885448,0.13425033,0.10711593,0.43424907,0.12553019],
[0.26973553,0.12988324,0.10175128,0.377393,0.12123695],
[0.16082838,0.13029517,0.10127011,0.44433813,0.16326821],
[0.19944758,0.13425921,0.10611869,0.39081688,0.16935764],
[0.25456915,0.12599349,0.0981873,0.26416817,0.25708189],
[0.17902077,0.13714861,0.11095084,0.43192315,0.14095663],
[0.22992503,0.1319353,0.10307111,0.36228904,0.17277952],
[0.22565406,0.13914143,0.11342609,0.35906471,0.1627137,],
[0.23837449,0.13226633,0.10369509,0.35682614,0.16883796],
[0.38714545,0.1111862,0.0857039,0.18033426,0.23563018],
[0.27276284,0.13284871,0.10555872,0.32366429,0.16516544],
[0.21341877,0.13254,0.10397286,0.4021691,0.14789926],
[0.23964198,0.12770857,0.09853918,0.30618968,0.22792059],
[0.23465959,0.1329386,0.10579758,0.30223743,0.2243668,],
[0.20794965,0.13560813,0.10926247,0.42719577,0.11998397],
[0.20043606,0.13528989,0.10787044,0.35084663,0.20555699],
[0.23293621,0.13287783,0.10446819,0.36892879,0.16078899],
[0.24160732,0.13190846,0.10328395,0.34985021,0.17335006],
[0.33673881,0.11831596,0.09156166,0.21429118,0.2390924,],
[0.19352865,0.13235009,0.10437236,0.33446433,0.23528456],
[0.20807009,0.13154323,0.1023318,0.38419828,0.17385661],
[0.30864885,0.1225761,0.09477056,0.24708811,0.22691639],
[0.3211889,0.12665097,0.09872932,0.30723804,0.14619277],
[0.15789481,0.11668468,0.09016853,0.24744552,0.38780645],
[0.10318074,0.13222266,0.10674432,0.44572723,0.21212506],
[0.26478812,0.13376932,0.10720475,0.37446533,0.11977248],
[0.19236357,0.13249354,0.10400382,0.42417079,0.14696828],
[0.21647511,0.1316416,0.10251911,0.36837858,0.18098561],
[0.33689244,0.11679163,0.0895125,0.2151981,0.24160534],
[0.16211213,0.13225867,0.10581133,0.4865163,0.11330157],
[0.23973195,0.13373675,0.10582564,0.36235353,0.15835213],
[0.20598728,0.12909775,0.09949097,0.42695635,0.13846764],
[0.26656735,0.12649147,0.0964932,0.33591658,0.17453139],
[0.18714262,0.13093715,0.10287759,0.45780479,0.12123786],
[0.1913957,0.12789852,0.09846404,0.45616763,0.12607411],
[0.21496977,0.13019049,0.10047533,0.37912799,0.17523642],
[0.09701073,0.10580492,0.08021399,0.25986411,0.45710625],
[0.16752889,0.12932032,0.10005289,0.4538427,0.1492552,],
[0.28337295,0.12597754,0.09676945,0.29858031,0.19529976],
[0.19509328,0.13116795,0.10263252,0.43894891,0.13215735],
[0.19132571,0.12998972,0.10045764,0.42586736,0.15235956],
[0.15297054,0.12712004,0.09702145,0.41454668,0.2083413,],
[0.11433347,0.12551009,0.09683483,0.48348151,0.17984009],
[0.13159467,0.12549122,0.09617831,0.3919397,0.25479611],
[0.29502802,0.12462432,0.09603854,0.27279139,0.21151773],
[0.23506197,0.12877972,0.09894117,0.34683634,0.19038079],
[0.21872913,0.12647011,0.09584664,0.34902228,0.20993184],
[0.12330968,0.08238685,0.06181069,0.12837482,0.60411797],
[0.17145994,0.12814613,0.09947179,0.47995345,0.1209687,],
[0.20039025,0.12970564,0.09979718,0.40136601,0.16874091],
[0.24361044,0.12959688,0.1002811,0.38351967,0.14299192],
[0.24021412,0.13021454,0.10086155,0.36620331,0.16250649],
[0.2113179,0.12895401,0.09897755,0.3577526,0.20299795],
[0.18484741,0.12775061,0.09836298,0.46227894,0.12676006],
[0.19858089,0.13007793,0.10052227,0.41863525,0.15218365],
[0.31485402,0.12314835,0.09451792,0.26993836,0.19754135],
[0.22551379,0.12890222,0.0991781,0.4057285,0.14067739],
[0.18016291,0.12617811,0.09661838,0.47592026,0.12112034],
[0.21029635,0.13114218,0.10187744,0.39926716,0.15741687],
[0.18855131,0.12959664,0.09989342,0.42590263,0.156056,],
[0.23068159,0.12632182,0.0975862,0.44629814,0.09911225],
[0.22413802,0.12849329,0.09904543,0.3250772,0.22324606],
[0.20294512,0.12905355,0.09952334,0.43248369,0.13599429],
[0.18285824,0.12773696,0.0982022,0.46049048,0.13071212],
[0.20917649,0.13041649,0.10175108,0.43364693,0.12500901],
[0.23382077,0.13116016,0.10209337,0.35649921,0.17642649],
[0.19716785,0.12267229,0.09476649,0.50607162,0.07932176],
[0.20502021,0.12848255,0.09828426,0.40966449,0.15854848],
[0.13210939,0.12562041,0.09605078,0.40728857,0.23893086],
[0.23795521,0.12953934,0.10019202,0.39171434,0.14059908],
[0.21535968,0.12972876,0.09994112,0.36332438,0.19164606],
[0.24514096,0.12939066,0.09986423,0.37049034,0.15511382],
[0.13261358,0.12196172,0.09490547,0.55844571,0.09207352],
[0.18897931,0.12898823,0.09912014,0.37144334,0.21146898],
[0.17165033,0.12518454,0.09613936,0.49716346,0.10986231],
[0.20055762,0.12445498,0.09593733,0.48790413,0.09114595],
[0.14105893,0.12456877,0.09601432,0.52079461,0.11756337],
[0.21578835,0.12869212,0.09930385,0.42832398,0.1278917,],
[0.22244952,0.12966689,0.10007699,0.40113752,0.14666909],
[0.31920368,0.1078157,0.08131944,0.17743298,0.31422821],
[0.15993086,0.12528195,0.09710666,0.5148308,0.10284972],
[0.25795861,0.12929261,0.10080472,0.39349685,0.11844721],
[0.15978941,0.12461356,0.09514137,0.3388616,0.28159406],
[0.34378445,0.12089391,0.0920518,0.27837693,0.1648929,],
[0.15353786,0.12668349,0.0970784,0.37180248,0.25089778],
[0.06709985,0.11273013,0.08586095,0.58248008,0.15182899],
[0.27968086,0.12698581,0.09816456,0.37908572,0.11608305],
[0.28821094,0.12752708,0.09885124,0.30247108,0.18293967],
[0.23242423,0.12733216,0.09840923,0.43424128,0.1075931,],
[0.22728297,0.12977319,0.10003945,0.37702112,0.16588327],
[0.19970429,0.12864745,0.09958777,0.45062891,0.12143158],
[0.21974174,0.12879584,0.0992497,0.41948773,0.13272499],
[0.22005551,0.12699901,0.09775667,0.30719621,0.2479926,],
[0.34452053,0.12358972,0.09577296,0.31761427,0.11850252],
[0.22980101,0.12851967,0.09854172,0.39439661,0.14874099],
[0.15833223,0.12759069,0.09773935,0.45367458,0.16266315],
[0.21826456,0.12813673,0.09882532,0.43435285,0.12042054],
[0.21926624,0.13038819,0.10080993,0.37825434,0.1712813,],
[0.11494521,0.12596933,0.09744138,0.4206107,0.24103338],
[0.21422186,0.1225752,0.0934386,0.28002225,0.28974209],
[0.21518828,0.12917156,0.09937562,0.35033343,0.2059311,],
[0.09504505,0.11918928,0.09128921,0.55603666,0.1384398,],
[0.10768077,0.12239856,0.0936623,0.5177134,0.15854498],
[0.27446663,0.12789559,0.0986602,0.35976711,0.13921047],
[0.18064064,0.13006053,0.10037881,0.39915074,0.18976927],
[0.19725375,0.12945128,0.09957794,0.41516191,0.15855512],
[0.20286394,0.12961051,0.10001115,0.42190046,0.14561394],
[0.07083224,0.09929893,0.07516018,0.26198688,0.49272176],
[0.30853275,0.12573659,0.09683936,0.32826547,0.14062584],
[0.25397316,0.1290132,0.09950657,0.36242356,0.15508351],
[0.14894191,0.12597037,0.09709,0.50155398,0.12644374],
[0.20647999,0.12878128,0.09878915,0.35930939,0.20664019],
[0.24383512,0.12684776,0.09714999,0.40987737,0.12228976],
[0.11359426,0.1215479,0.09280611,0.37529038,0.29676135],
[0.25278763,0.12732097,0.09786457,0.31130899,0.21071785],
[0.35696112,0.12117147,0.0929139,0.30664496,0.12230855],
[0.16096795,0.12232027,0.09548205,0.54361863,0.0776111,],
[0.19313381,0.12780332,0.09823804,0.45206254,0.12876229],
[0.11051144,0.11278033,0.08597395,0.61365321,0.07708107],
[0.16483257,0.1270715,0.09748614,0.35756765,0.25304215],
[0.27154864,0.13162754,0.10373309,0.34775592,0.14533482],
[0.26912954,0.12607416,0.09634453,0.31194239,0.19650938],
[0.17460656,0.12282512,0.09370614,0.50983648,0.09902571],
[0.3349329,0.11732408,0.08967105,0.22241129,0.23566069],
[0.1512416,0.12716108,0.09926033,0.50896109,0.1133759,],
[0.15538471,0.11641296,0.08942553,0.572915,0.06586179],
[0.23298304,0.13116369,0.10226346,0.38845105,0.14513876],
[0.24201326,0.12825393,0.09820164,0.36139136,0.17013981],
[0.14414726,0.11807978,0.09155506,0.57600744,0.07021046],
[0.18442552,0.12850459,0.09981467,0.46987744,0.11737778],
[0.20627159,0.12929499,0.09960715,0.42061871,0.14420755],
[0.27011681,0.12792294,0.0984802,0.35712928,0.14635078],
[0.13407741,0.12544543,0.09593442,0.48441378,0.16012895],
[0.14636856,0.12562285,0.09592699,0.37589961,0.25618199],
[0.08250231,0.10302603,0.07848409,0.67699629,0.05899128],
[0.14371412,0.12473991,0.0959942,0.51535735,0.12019443],
[0.18466988,0.1254445,0.09524744,0.34233766,0.25230053],
[0.07136109,0.10592842,0.08069346,0.65884748,0.08316956],
[0.2116675,0.12483791,0.09599262,0.28728403,0.28021794],
[0.13008404,0.12468838,0.09546651,0.50198341,0.14777767],
[0.27616821,0.12758536,0.09822013,0.35508343,0.14294287],
[0.22551312,0.12584623,0.09766555,0.46082965,0.09014545],
[0.22273226,0.12961874,0.10005035,0.40228937,0.14530928],
[0.18439576,0.12731439,0.09669715,0.3953198,0.19627289],
[0.19767828,0.11297054,0.08651345,0.213342,0.38949573],
[0.11290044,0.12287651,0.09328596,0.44752578,0.22341131],
[0.18405745,0.11837599,0.09039354,0.25739967,0.34977335],
[0.12047879,0.12008943,0.09231163,0.56410124,0.10301891],
[0.16407434,0.12800935,0.09957463,0.48887394,0.11946774],
[0.26703561,0.12801066,0.09879012,0.31732702,0.18883658],
[0.16431511,0.12741255,0.09808238,0.47580415,0.13438582],
[0.21605011,0.124463,0.09544873,0.28679467,0.27724349],
[0.19105013,0.11834979,0.09062835,0.53241789,0.06755383],
[0.25161518,0.12574569,0.09706936,0.2789298,0.24663998],
[0.2435563,0.12918125,0.09968435,0.33740731,0.1901708,],
[0.0711952,0.11615551,0.08908963,0.55038835,0.17317131],
[0.05055332,0.05026678,0.03739037,0.06971966,0.79206987],
[0.24549983,0.12894956,0.09922002,0.36540619,0.16092441],
[0.19271195,0.12986159,0.10044116,0.43192523,0.14506007],
[0.26130534,0.12733302,0.09902931,0.41044997,0.10188236],
[0.20485028,0.12957503,0.10046847,0.4358805,0.12922573],
[0.1478581,0.12653547,0.09765291,0.49752153,0.13043199],
[0.20748474,0.1289906,0.09978564,0.43780981,0.12592921],
[0.21860574,0.12949793,0.09957957,0.38566164,0.16665512],
[0.1434005,0.11931166,0.09284608,0.57152675,0.07291502],
[0.15976316,0.12639564,0.09702753,0.34980831,0.26700536],
[0.0696463,0.10249262,0.07842473,0.6832719,0.06616445],
[0.2984969,0.12610619,0.09777958,0.36899817,0.10861916],
[0.18257678,0.12912081,0.09906156,0.40567024,0.18357061],
[0.14041182,0.12478703,0.09671344,0.52629146,0.11179625],
[0.12995503,0.11582393,0.08834433,0.28478999,0.38108673],
[0.22892262,0.12946115,0.09968285,0.35804628,0.1838871,],
[0.17993412,0.1282341,0.09861814,0.45392788,0.13928575],
[0.1959646,0.13013137,0.10066562,0.42351264,0.14972576],
[0.12238594,0.11823115,0.09023136,0.3160604,0.35309114],
[0.2074178,0.12876579,0.09871831,0.36018949,0.2049086,],
[0.22283801,0.13164693,0.10281583,0.3959268,0.14677243],
[0.24796174,0.12855886,0.09906697,0.38806392,0.13634851],
[0.08668319,0.08978764,0.0680032,0.18003762,0.57548836],
[0.24250525,0.12777155,0.09851334,0.3093578,0.22185206],
[0.20859647,0.13151379,0.10267491,0.41472828,0.14248655],
[0.17946094,0.12443777,0.09583852,0.50331181,0.09695096],
[0.09847702,0.12024244,0.09208713,0.54444386,0.14474955],
[0.08353235,0.11759711,0.08995245,0.55689795,0.15202014],
[0.19331884,0.13035924,0.10071512,0.40228375,0.17332305],
[0.13554923,0.12203501,0.09307211,0.34031224,0.30903142],
[0.16058727,0.12744248,0.09729702,0.43584074,0.17883249],
[0.2733128,0.1216571,0.09357908,0.24540044,0.26605058],
[0.16144099,0.12548634,0.09689127,0.50701571,0.10916569],
[0.09470091,0.1199557,0.09180479,0.54125125,0.15228735],
[0.17509348,0.12627117,0.09718852,0.48663713,0.1148097,],
[0.17436595,0.11985029,0.09204569,0.53838029,0.07535777],
[0.11268839,0.12345854,0.09440594,0.49947123,0.16997591],
[0.18675464,0.13403238,0.10582983,0.39897611,0.17440704],
[0.22150689,0.12998476,0.10025172,0.37571265,0.17254399],
[0.20234694,0.130003,0.10039168,0.41464073,0.15261764],
[0.15416956,0.12580451,0.09718554,0.50709994,0.11574045],
[0.23930008,0.12790385,0.09864542,0.41539388,0.11875676],
[0.22102091,0.12775017,0.09863817,0.43900481,0.11358594],
[0.29348529,0.12546568,0.09616968,0.35977536,0.125104,],
[0.18999265,0.1202703,0.09141771,0.27579407,0.32252528],
[0.12781953,0.11697277,0.09005389,0.58715001,0.07800379],
[0.16603087,0.12773013,0.09745729,0.41413434,0.19464737],
[0.33161426,0.12084674,0.09233625,0.25688607,0.19831668],
[0.16766209,0.12862683,0.0993137,0.46159729,0.1428001,],
[0.14574456,0.12506223,0.09592743,0.3520686,0.28119718],
[0.18918828,0.12904287,0.09944339,0.43959068,0.14273478],
[0.17553331,0.12607487,0.09631825,0.34114808,0.2609255,],
[0.223063,0.12872925,0.09960365,0.42734663,0.12125747],
[0.17684473,0.11875776,0.09048314,0.26806062,0.34585376],
[0.1728652,0.12374104,0.09624335,0.52307121,0.0840792,],
[0.08401496,0.11523584,0.08780982,0.58460108,0.1283383,],
[0.15258787,0.12502451,0.0960157,0.50705168,0.11932025],
[0.2590621,0.12951075,0.10031524,0.34736451,0.16374741],
[0.36615896,0.12074058,0.09311709,0.26172093,0.15826244],
[0.15524055,0.12838806,0.09917759,0.46851815,0.14867566],
[0.16604664,0.12824844,0.09814531,0.41420197,0.19335765],
[0.23325373,0.12973932,0.10007385,0.36573441,0.17119868],
[0.20579001,0.12892896,0.09909449,0.42115836,0.14502819],
[0.23214573,0.12921525,0.09962072,0.34168754,0.19733076],
[0.23476203,0.12861937,0.09890961,0.3359811,0.20172789],
[0.29319073,0.1273063,0.09842103,0.32091006,0.16017189],
[0.2096688,0.12685105,0.09747612,0.45260299,0.11340105],
[0.2775206,0.12750001,0.0980664,0.3393415,0.15757149],
[0.19455168,0.12366618,0.09391692,0.30936779,0.27849743],
[0.21617418,0.12871925,0.09912862,0.33457472,0.22140323],
[0.19492248,0.13045558,0.10144146,0.43528085,0.13789963],
[0.20244642,0.12982567,0.10000151,0.3739675,0.1937589,],
[0.12149844,0.1083696,0.08303394,0.63501198,0.05208605],
[0.23351866,0.12821531,0.09865972,0.32423446,0.21537186],
[0.11962799,0.1156408,0.0876859,0.30648297,0.37056235],
[0.28326749,0.12692721,0.09778625,0.30818982,0.18382923],
[0.20222343,0.12976302,0.09985949,0.39522244,0.17293162],
[0.15250136,0.12514796,0.09527576,0.36654591,0.26052901],
[0.21439677,0.12744822,0.09820159,0.44525338,0.11470005],
[0.18706837,0.13157332,0.10254729,0.41832542,0.16048561],
[0.21393737,0.1298862,0.10013551,0.39634826,0.15969266],
[0.21030252,0.12875403,0.09912425,0.42682525,0.13499394],
[0.18682172,0.12937981,0.09961871,0.37251341,0.21166634],
[0.14009675,0.11658191,0.08792346,0.29789603,0.35750185],
[0.15274608,0.1269827,0.09717237,0.46442011,0.15867874],
[0.15545585,0.12711525,0.09820027,0.4902486,0.12898004],
[0.1337857,0.12595227,0.09617591,0.4242672,0.21981891],
[0.22497923,0.12672223,0.09783579,0.29604361,0.25441914],
[0.23014181,0.12851362,0.09862718,0.39856809,0.1441493,],
[0.13433234,0.12693227,0.0975667,0.41494157,0.22622712],
[0.20887966,0.13038696,0.10101815,0.41221465,0.14750058],
[0.09068116,0.10816583,0.08368181,0.65516471,0.06230649],
[0.2407587,0.13002056,0.10071194,0.37796386,0.15054494],
[0.22994807,0.12665511,0.09614297,0.34640429,0.20084957],
[0.15668145,0.11469,0.08836727,0.58245191,0.05780937],
[0.4980599,0.10502239,0.0806308,0.23649887,0.07978803],
[0.13971935,0.1224919,0.09566316,0.55498995,0.08713564],
[0.36297179,0.12090983,0.09312717,0.26319731,0.15979389],
[0.15122224,0.11730964,0.0892094,0.27922823,0.36303049],
[0.28249143,0.1255813,0.09637492,0.38077149,0.11478086],
[0.16819245,0.12884226,0.0991366,0.44288702,0.16094168],
[0.19703873,0.12112916,0.09173265,0.28637328,0.30372617],
[0.16293895,0.12422472,0.09553396,0.51335412,0.10394825],
[0.22936387,0.12863861,0.09994945,0.43022431,0.11182377],
[0.24638207,0.12868661,0.09904642,0.38180508,0.14407981],
[0.25009915,0.12575994,0.09665234,0.42412938,0.1033592,],
[0.48683665,0.10566334,0.08038853,0.20993478,0.1171767,],
[0.19892465,0.12327504,0.09507608,0.49910647,0.08361776],
[0.23336929,0.12929913,0.09976499,0.33823357,0.19933302],
[0.25543832,0.12827767,0.09965726,0.40477193,0.11185483],
[0.23910994,0.12919525,0.099543,0.34605108,0.18610073],
[0.2044764,0.12975878,0.10083,0.43878598,0.12614884],
[0.38613772,0.11403171,0.08674293,0.21597479,0.19711285],
[0.18215306,0.12899018,0.09906775,0.42794932,0.1618397,],
[0.25176728,0.12599752,0.09636626,0.30374569,0.22212326],
[0.14472608,0.12480386,0.09553859,0.35518471,0.27974676],
[0.17097574,0.12711395,0.09773157,0.47584712,0.12833162],
[0.26990443,0.12729252,0.09791828,0.3139561,0.19092867],
[0.25692099,0.12904431,0.09984616,0.3765412,0.13764733],
[0.17737221,0.12760789,0.09838136,0.47181275,0.1248258,],
[0.13361329,0.12603258,0.09662318,0.39947532,0.24425563],
[0.30246499,0.12510674,0.09616356,0.29117849,0.18508622],
[0.15515602,0.12532438,0.09616921,0.50126263,0.12208776],
[0.2353717,0.13039888,0.10118065,0.38492035,0.14812842],
[0.23240736,0.12947144,0.09975461,0.35521887,0.18314772],
[0.17639499,0.11401193,0.08555997,0.25394074,0.37009238],
[0.28914376,0.12608014,0.09726604,0.37312455,0.1143855,],
[0.26614832,0.12820322,0.09939613,0.3030847,0.20316763],
[0.20516477,0.12977128,0.0999079,0.39952652,0.16562954],
[0.13598406,0.1258143,0.09612296,0.40506554,0.23701314],
[0.27223679,0.12833491,0.09920403,0.32339801,0.17682625],
[0.27623485,0.12877911,0.10038724,0.3009657,0.1936331,],
[0.14695481,0.12505012,0.0956923,0.35686627,0.27543651],
[0.21442943,0.13028497,0.10064024,0.38986778,0.16477758],
[0.24014527,0.13039324,0.10185504,0.40357743,0.12402902],
[0.23130804,0.12989788,0.10032674,0.3809959,0.15747144],
[0.22914486,0.12836383,0.0984901,0.40326369,0.14073753],
[0.24506191,0.12842464,0.09852031,0.3543679,0.17362523],
[0.14408897,0.1273401,0.09764763,0.44979472,0.18112858],
[0.23911242,0.12464118,0.0965679,0.45555242,0.08412608],
[0.25599389,0.12984916,0.1007718,0.36150154,0.15188361],
[0.13168863,0.11793807,0.09110054,0.58153287,0.0777399,],
[0.19378602,0.12955017,0.09977375,0.4205798,0.15631026],
