#-*- coding: utf-8 -*-
'''
本次测试只有7个类别，因为10个类别全部加起来会报错，memoryerror,怀疑是内存溢出，因为把这7个类直接放进去也是这个错误，后来将这7类里面的文本删除一些才得到此结果
Created on Apr 18, 2015

@author: lsh
'''
[  9.59871412e-03   5.89038318e-02   5.81574936e-03   3.07460605e-02
   3.11489565e-01   5.83168009e-01   1.04517691e-06   1.88354516e-04
   7.25264732e-05   1.61439772e-05]
[  9.97672261e-01   9.96382558e-04   1.14998164e-07   7.04386756e-07
   2.97451720e-07   1.32291347e-03   5.61315310e-06   5.53907154e-07
   5.53149943e-07   6.05963681e-07]
[  9.84298567e-01   7.03977782e-03   2.43788537e-06   2.78936785e-06
   2.41900641e-06   8.63980248e-03   7.53216699e-06   2.20267521e-06
   2.07942611e-06   2.39179279e-06]
[  9.98440978e-01   7.03824037e-04   5.39711745e-08   3.19806215e-07
   2.17332427e-07   8.47460508e-04   5.91847222e-06   3.87569098e-07
   3.94816961e-07   4.45789628e-07]
[  9.98326930e-01   7.47722096e-04   5.97565469e-08   3.46885686e-07
   2.38127678e-07   9.17213765e-04   6.18586266e-06   4.11940419e-07
   4.17565443e-07   4.73878909e-07]
[  7.61417955e-01   2.00611718e-03   1.26247706e-05   3.80662236e-04
   1.84475584e-05   2.36126600e-01   1.21099389e-05   1.03385222e-05
   6.11922382e-06   9.02589949e-06]
[  9.98187810e-01   7.42270404e-04   6.74014870e-08   4.25224449e-07
   2.61442423e-07   1.06168461e-03   6.08888074e-06   4.44277010e-07
   4.43433265e-07   5.04587589e-07]
[  8.44204631e-01   9.99371630e-02   6.75507343e-05   1.20148715e-04
   1.12982070e-03   5.43200803e-02   1.09891984e-04   5.17282337e-05
   3.75707031e-05   2.14147097e-05]
[  9.96496601e-01   1.85119170e-03   1.96101225e-07   8.13894321e-07
   6.11929758e-07   1.63997187e-03   8.18692593e-06   7.80387967e-07
   7.73198520e-07   8.73470105e-07]
[  7.40832276e-03   1.88504854e-01   2.66249845e-03   2.96463379e-03
   7.42879560e-01   5.53770432e-02   8.74062721e-07   1.32025720e-04
   6.31924766e-05   6.99589474e-06]
[  9.98075103e-01   9.10277336e-04   7.56637387e-08   4.03586264e-07
   3.14534391e-07   1.00621288e-03   6.14030838e-06   4.71687437e-07
   4.74793030e-07   5.26108325e-07]
[  8.82592046e-01   9.07081142e-02   4.07017873e-05   7.32179724e-06
   7.53006211e-05   2.65461489e-02   5.28694714e-06   8.60278809e-06
   7.11608416e-06   9.36104368e-06]
[  4.53529276e-05   9.43017506e-01   2.44436146e-02   3.53468080e-04
   1.00529565e-02   2.02381924e-02   1.73201195e-03   5.59472209e-05
   2.58330291e-05   3.51173261e-05]
[  1.97739023e-01   2.31683747e-02   6.37543890e-04   5.01232446e-04
   6.72474588e-05   7.77788628e-01   2.39921164e-05   3.08511650e-05
   1.97958839e-05   2.33115121e-05]
[  9.89480701e-01   6.13681554e-03   8.06738924e-07   2.20348018e-06
   2.04950416e-06   4.30322863e-03   6.69127113e-05   2.28486380e-06
   2.20839195e-06   2.78873483e-06]
[  9.96674679e-01   1.71444964e-03   1.50216009e-07   6.04445860e-07
   7.45299791e-07   1.58754718e-03   1.91657319e-05   8.55540045e-07
   8.32655801e-07   9.70172973e-07]
[  2.01040235e-01   6.03064844e-01   2.31910115e-03   1.45434441e-03
   6.50049326e-04   1.90176113e-01   9.31325452e-04   1.52809133e-04
   1.06647911e-04   1.04530321e-04]
[  9.97840018e-01   9.75985073e-04   9.56117925e-08   5.40784154e-07
   2.94221654e-07   1.17443916e-03   6.97888532e-06   5.27295381e-07
   5.29873610e-07   5.91496676e-07]
[  9.98418560e-01   7.16696820e-04   5.51811540e-08   3.25094823e-07
   2.25670247e-07   8.56955885e-04   5.93627477e-06   3.93992884e-07
   4.00883864e-07   4.50600079e-07]
[  9.59965460e-01   3.03166455e-02   4.03665725e-06   3.29364164e-06
   2.89949112e-05   9.47354758e-03   1.86226537e-04   7.17352297e-06
   6.10719513e-06   8.51485805e-06]
[  9.97891361e-01   9.31395815e-04   8.60871464e-08   4.71200674e-07
   3.43487878e-07   1.16885440e-03   5.92474725e-06   5.00055052e-07
   4.95930419e-07   5.66858271e-07]
[  9.83616113e-01   1.00076470e-02   1.50528749e-06   3.46412222e-06
   1.27624951e-05   6.25618538e-03   8.96970421e-05   4.56389612e-06
   3.98718600e-06   4.07410834e-06]
[  9.85954926e-01   1.06045208e-02   1.20512323e-06   1.42482091e-06
   8.11277955e-06   3.41631505e-03   7.29886738e-06   2.09338080e-06
   1.88540875e-06   2.21753872e-06]
[  9.96846833e-01   1.39668238e-03   2.06800000e-07   1.22981229e-06
   3.59530065e-07   1.74594437e-03   6.47419112e-06   7.42888100e-07
   7.39346568e-07   7.87319920e-07]
[  9.98277605e-01   8.07222764e-04   6.07483192e-08   3.47714703e-07
   2.46824373e-07   9.06647123e-04   6.53954596e-06   4.17841726e-07
   4.28223723e-07   4.84228188e-07]
[  5.42827772e-02   3.82338179e-01   2.11430043e-04   2.48090823e-05
   2.48141384e-03   1.00214279e-01   4.60063686e-01   1.15285686e-04
   6.69413505e-05   2.01199162e-04]
[  9.42662800e-01   1.54677813e-03   2.95539847e-06   6.14656094e-05
   5.59035996e-06   5.56987510e-02   9.89112838e-06   4.48890672e-06
   3.08998167e-06   4.18946654e-06]
[  9.87810556e-01   7.69808286e-03   8.10974236e-07   1.36694953e-06
   4.61606939e-06   4.38094732e-03   9.51307228e-05   2.65912507e-06
   2.39133780e-06   3.43900950e-06]
[  9.98441940e-01   7.05001769e-04   5.39447211e-08   3.18755935e-07
   2.17719242e-07   8.45349547e-04   5.89129776e-06   3.87149113e-07
   3.94452745e-07   4.45182968e-07]
[  9.91774886e-01   3.63736247e-03   6.50083133e-07   2.03874467e-06
   2.78575267e-06   4.56554756e-03   1.16705690e-05   1.68459821e-06
   1.48097576e-06   1.89309510e-06]
[  3.99681123e-03   7.37940976e-01   1.63491866e-03   1.33763903e-04
   1.97367383e-01   5.12011792e-02   7.38074198e-03   1.88663373e-04
   9.19512536e-05   6.36121589e-05]
[  9.97787650e-01   1.03881723e-03   9.00298774e-08   4.63487687e-07
   3.94212114e-07   1.16228558e-03   8.56620626e-06   5.58262979e-07
   5.55430125e-07   6.19252391e-07]
[  9.97353527e-01   1.33920780e-03   1.08113025e-07   5.04479423e-07
   4.29952973e-07   1.29118858e-03   1.30068199e-05   6.33727607e-07
   6.40008931e-07   7.53616337e-07]
[  9.98441032e-01   7.04216665e-04   5.41113520e-08   3.20993879e-07
   2.16778456e-07   8.47050108e-04   5.88184870e-06   3.87469713e-07
   3.94819386e-07   4.45269135e-07]
[  9.95389022e-01   1.76318668e-03   4.67195904e-07   3.18283537e-06
   4.01449336e-07   2.83672112e-03   4.08959465e-06   9.91345666e-07
   9.73229741e-07   9.64090838e-07]
[  9.98363949e-01   7.41990378e-04   5.78541802e-08   3.35845295e-07
   2.35946984e-07   8.85951719e-04   6.19317178e-06   4.06714307e-07
   4.12802887e-07   4.66380274e-07]
[  9.98369075e-01   7.40369127e-04   5.81250461e-08   3.41086763e-07
   2.38577772e-07   8.82657742e-04   5.97777380e-06   4.07221518e-07
   4.13449747e-07   4.61615021e-07]
[  6.83642362e-01   1.88608164e-01   1.17596255e-04   2.68452915e-04
   1.38529154e-04   1.27175404e-01   4.05059475e-06   1.46572520e-05
   1.53101287e-05   1.54745130e-05]
[  8.24925908e-12   5.21627387e-04   9.98008863e-01   7.32754282e-08
   7.56407583e-06   1.46187095e-03   4.96009830e-17   7.88180961e-10
   2.48208299e-10   4.15328450e-10]
[  1.33597076e-12   7.91734340e-08   8.89641298e-01   7.97091567e-02
   5.06818670e-10   3.06494652e-02   5.10759996e-18   5.76509341e-10
   1.37511230e-10   6.60084818e-11]
[  9.98437655e-01   7.05477598e-04   5.43584863e-08   3.22679221e-07
   2.16865062e-07   8.49164896e-04   5.87843459e-06   3.88204009e-07
   3.95550213e-07   4.45995557e-07]
[  8.92804410e-01   6.14903919e-02   7.23899201e-05   2.31611680e-04
   2.75440768e-04   4.50439362e-02   1.42928502e-05   3.13593070e-05
   2.40979166e-05   1.20691206e-05]
[  9.98096736e-01   7.74040715e-04   7.25700227e-08   4.51590071e-07
   2.82935878e-07   1.12086332e-03   6.10429987e-06   4.63374273e-07
   4.59909181e-07   5.25202241e-07]
[  7.67118065e-01   1.72594332e-01   1.70358710e-05   4.60159875e-06
   1.73463472e-04   2.64739118e-02   3.34959632e-02   3.45737553e-05
   2.73359345e-05   6.07172788e-05]
[  1.45031088e-05   2.28289461e-04   1.81318439e-03   7.93113739e-03
   1.19551390e-03   9.88811721e-01   3.79970784e-08   2.94760845e-06
   6.06921500e-07   2.05830051e-06]
[  1.80496741e-08   2.34833382e-03   2.06647892e-02   1.92412066e-03
   4.67417061e-02   7.92924464e-01   1.35325756e-01   2.46456580e-05
   3.45984062e-06   4.27068502e-05]
[  9.98415195e-01   7.11415447e-04   5.52701629e-08   3.29045960e-07
   2.21898319e-07   8.65605342e-04   5.93366143e-06   3.93036441e-07
   3.99920926e-07   4.51519965e-07]
[  9.98172456e-01   8.61680518e-04   6.71895315e-08   3.95126099e-07
   2.79519424e-07   9.57700303e-04   6.03288044e-06   4.41016503e-07
   4.52502895e-07   4.94664974e-07]
[  9.98099516e-01   8.96350919e-04   6.95816916e-08   3.63866347e-07
   2.89121746e-07   9.93114252e-04   8.78595781e-06   4.75009715e-07
   4.78974763e-07   5.56493562e-07]
[  2.61880909e-01   5.91807822e-01   1.90704907e-04   4.46270431e-05
   3.25178955e-03   9.74125809e-02   4.50483635e-02   1.28387587e-04
   8.79511631e-05   1.46863764e-04]
[  9.92563901e-01   3.79911106e-03   4.88952428e-07   1.55192189e-06
   1.64969511e-06   3.56964543e-03   5.78872003e-05   1.83133080e-06
   1.70515812e-06   2.22834453e-06]
[  9.98346525e-01   7.40371167e-04   5.90434929e-08   3.49807928e-07
   2.37024066e-07   9.05181985e-04   5.98571181e-06   4.08842631e-07
   4.14774512e-07   4.66980473e-07]
[  1.75572456e-07   7.77798209e-03   3.92164151e-03   1.40477994e-04
   3.18973258e-02   2.03519639e-01   7.52662901e-01   2.40649240e-05
   4.55108032e-06   5.12411655e-05]
[  9.98427831e-01   7.06759877e-04   5.45887596e-08   3.24114199e-07
   2.20571329e-07   8.57626266e-04   5.94573024e-06   3.90861422e-07
   3.97690856e-07   4.49091436e-07]
[  9.97538268e-01   1.19823746e-03   9.79159699e-08   4.43235353e-07
   4.24198838e-07   1.24738140e-03   1.31968738e-05   6.13079865e-07
   6.07636735e-07   7.30183010e-07]
[  9.97917400e-01   8.77568659e-04   8.47842361e-08   5.16786151e-07
   3.52200908e-07   1.19612965e-03   6.35190979e-06   5.19503023e-07
   5.14056057e-07   5.62487381e-07]
[  9.98262673e-01   8.02697967e-04   6.34095263e-08   3.60412422e-07
   2.55807195e-07   9.26763387e-04   5.85629798e-06   4.20601248e-07
   4.27564998e-07   4.81943694e-07]
[  9.93562243e-01   3.57654971e-03   5.15699565e-07   1.78391594e-06
   3.08470642e-06   2.84322336e-03   8.19873543e-06   1.58640109e-06
   1.46655351e-06   1.34822115e-06]
[  1.24564046e-02   7.16488924e-04   1.37483960e-04   5.07803384e-03
   1.71081277e-04   9.81410955e-01   3.79793769e-06   1.28588966e-05
   4.70987424e-06   8.18538536e-06]
[  8.55364619e-01   2.35745158e-02   2.34245884e-04   6.25863774e-04
   2.15538087e-06   1.20164152e-01   2.23338289e-06   1.24240359e-05
   1.12861669e-05   8.50443820e-06]
[  3.81381443e-01   7.95121653e-02   6.70618973e-04   3.10739672e-04
   3.10044269e-04   5.37630348e-01   5.70874276e-05   5.37774445e-05
   3.58874968e-05   3.78886786e-05]
[  6.66396749e-03   2.22082433e-01   4.13163065e-05   9.98904982e-07
   6.60690606e-04   9.00657210e-03   7.61451328e-01   2.38986091e-05
   1.53889293e-05   5.34065652e-05]
[  9.07071627e-01   7.76861598e-02   1.58173153e-05   8.76979153e-06
   9.31529324e-05   1.51015680e-02   3.78164220e-06   6.45693595e-06
   5.53206855e-06   7.13438392e-06]
[  9.98444364e-01   7.02195929e-04   5.37266866e-08   3.17676237e-07
   2.16851050e-07   8.45712127e-04   5.91467135e-06   3.86514114e-07
   3.93823684e-07   4.44794976e-07]
[  2.11597728e-04   8.26733340e-01   7.19829343e-03   8.49750869e-06
   1.11518182e-03   1.09575166e-01   5.50429358e-02   3.14738974e-05
   2.11902107e-05   6.23232817e-05]
[  9.98314610e-01   7.70402670e-04   6.13236634e-08   3.51743702e-07
   2.40744932e-07   9.06850361e-04   6.16635724e-06   4.16611948e-07
   4.22744849e-07   4.77256743e-07]
[  2.60041696e-10   1.49610116e-01   5.09770124e-01   3.40175379e-01
   4.73006189e-05   3.96775655e-04   1.24348653e-11   1.34179604e-07
   1.54492640e-07   1.63974847e-08]
[  9.93766892e-01   4.35535234e-03   2.37661769e-07   1.55847924e-06
   7.39866789e-07   1.86707239e-03   5.60210508e-06   7.38056702e-07
   9.29478727e-07   8.77266596e-07]
[  9.94873367e-01   3.44267192e-03   3.02075016e-07   6.15119921e-07
   1.61543658e-06   1.67373804e-03   4.89745755e-06   9.01164413e-07
   8.61516527e-07   1.03013202e-06]
[  6.63451813e-01   2.27298620e-01   2.94847473e-05   7.60335434e-06
   2.68251218e-04   4.03669151e-02   6.83975838e-02   5.07123416e-05
   3.85732431e-05   9.04429944e-05]
[  9.97162086e-01   1.50025425e-03   1.10976611e-07   7.12299716e-07
   4.01228534e-07   1.32880923e-03   5.85770741e-06   5.44572371e-07
   5.96000255e-07   6.27545703e-07]
[  8.72294766e-04   2.53767933e-02   3.03779428e-02   3.67310438e-04
   2.47028296e-04   9.42742900e-01   2.40927089e-08   7.58416581e-06
   3.68833559e-06   4.43339598e-06]
[  8.60449247e-01   6.82141848e-02   6.23983630e-05   3.25447861e-05
   2.42037616e-05   7.06483567e-02   5.01032679e-04   2.24434417e-05
   1.89529307e-05   2.66351144e-05]
[  9.95240706e-01   2.31502999e-03   2.86035157e-07   9.81253090e-07
   8.44666130e-07   2.41789263e-03   2.07850564e-05   1.10923929e-06
   1.06762848e-06   1.29775941e-06]
[  9.96477368e-01   2.04945713e-03   1.79856549e-07   5.49272252e-07
   8.44972902e-07   1.46320275e-03   6.13983350e-06   7.22039772e-07
   7.03652775e-07   8.32627546e-07]
[  9.98436919e-01   7.07222758e-04   5.39896868e-08   3.18029232e-07
   2.18832062e-07   8.48031027e-04   6.00446750e-06   3.88715970e-07
   3.95948479e-07   4.47702257e-07]
[  9.98431512e-01   7.07106267e-04   5.47423806e-08   3.25381171e-07
   2.17512932e-07   8.53673239e-04   5.87689878e-06   3.89564085e-07
   3.96806016e-07   4.47385236e-07]
[  1.59298483e-02   1.67625509e-04   5.50067572e-05   6.30301906e-03
   3.66940217e-05   9.77496052e-01   4.46797929e-07   5.66207919e-06
   2.05643238e-06   3.58868380e-06]
[  4.09640546e-01   4.60811371e-02   7.46343905e-04   9.17434826e-05
   6.26130552e-06   5.43392353e-01   4.44294058e-06   1.27409992e-05
   1.24335086e-05   1.19974427e-05]
[  9.98129118e-01   8.47568782e-04   7.05100846e-08   3.69749867e-07
   2.67126455e-07   1.01386409e-03   7.29742215e-06   4.55931599e-07
   4.60926168e-07   5.27734311e-07]
[  6.43399144e-01   2.55180067e-01   1.92470186e-04   5.22010366e-05
   1.27380325e-03   9.97836629e-02   2.45738027e-05   3.42059953e-05
   2.21517403e-05   3.77199079e-05]
[  9.81294323e-01   1.19429201e-02   1.38802197e-06   1.91217878e-06
   6.09338352e-06   6.37939127e-03   3.60088374e-04   4.26752706e-06
   3.83389248e-06   5.78259914e-06]
[  9.98355390e-01   7.40667890e-04   6.02686883e-08   3.61074553e-07
   2.24119126e-07   8.96247261e-04   5.76723928e-06   4.06315397e-07
   4.13597814e-07   4.62483184e-07]
[  9.92066811e-01   5.79343831e-03   5.34933519e-07   7.60623248e-07
   3.00411515e-06   2.12681610e-03   4.94345088e-06   1.19461749e-06
   1.12176865e-06   1.37550477e-06]
[  9.98320480e-01   7.59086723e-04   5.99728639e-08   3.47978582e-07
   2.45544261e-07   9.12024064e-04   6.43454144e-06   4.18578639e-07
   4.23994814e-07   4.78858537e-07]
[  1.33358704e-06   2.76711606e-02   1.40376134e-04   7.60901264e-07
   1.82739636e-03   3.47310724e-03   9.66865897e-01   4.66220126e-06
   1.66505947e-06   1.36412351e-05]
[  9.94462715e-01   1.99778770e-03   4.16407584e-07   1.36256316e-06
   8.69569870e-07   3.52502132e-03   8.50194800e-06   1.11574735e-06
   1.06566366e-06   1.14372172e-06]
[  7.91968487e-10   8.09743351e-03   9.79695856e-02   1.05180098e-04
   8.72497731e-01   2.13289858e-02   4.58493204e-10   5.35537300e-07
   6.69900800e-08   4.80049305e-07]
[  7.26437703e-01   1.75139561e-01   1.11318802e-04   2.65319298e-05
   1.03881944e-04   9.48791253e-02   3.16577275e-03   4.33168334e-05
   3.46140308e-05   5.81741962e-05]
[  9.96214893e-01   2.06571495e-03   2.34028754e-07   8.89422406e-07
   7.86273013e-07   1.70979991e-03   5.23853495e-06   8.03847979e-07
   7.89907848e-07   8.50573050e-07]
[  1.16749871e-01   2.33306181e-01   8.77280078e-03   1.89124557e-03
   5.96692263e-05   6.38990675e-01   5.11915304e-05   7.22119795e-05
   5.39590493e-05   5.21939239e-05]
[  9.97751207e-01   1.09119655e-03   8.63690634e-08   4.07302668e-07
   3.71481799e-07   1.14293428e-03   1.20017718e-05   5.63825824e-07
   5.62952739e-07   6.68134495e-07]
[  9.98405652e-01   7.21039130e-04   5.57579151e-08   3.27576060e-07
   2.23659478e-07   8.65360549e-04   6.08678484e-06   3.96100994e-07
   4.02994929e-07   4.55891743e-07]
[  9.98192400e-01   7.93437481e-04   6.98379645e-08   3.78607752e-07
   2.41643477e-07   1.00616423e-03   5.94368689e-06   4.32592278e-07
   4.38878748e-07   4.93475624e-07]
[  9.95173465e-01   2.12348284e-03   3.03751818e-07   1.51111674e-06
   1.66475911e-06   2.68373396e-03   1.21721323e-05   1.28624157e-06
   1.18990344e-06   1.19004073e-06]
[  9.78097742e-01   1.34217580e-02   2.45198024e-06   4.87109214e-06
   1.83017607e-05   8.34615011e-03   9.28057574e-05   5.83660479e-06
   5.03917274e-06   5.04368111e-06]
[  5.25071055e-01   9.16183245e-02   6.56899050e-03   1.04154100e-01
   3.10821988e-06   2.72486573e-01   3.12690333e-07   4.29408185e-05
   3.68261842e-05   1.77685312e-05]
[  9.96494560e-01   1.76366961e-03   1.59004383e-07   5.60919493e-07
   6.43099454e-07   1.71410083e-03   2.35699630e-05   8.55874848e-07
   8.37022714e-07   1.04341408e-06]
[  5.37583867e-01   2.76528369e-01   3.74480702e-05   8.24270002e-06
   3.24734652e-04   4.40700178e-02   1.41227783e-01   6.10083117e-05
   4.58083259e-05   1.12721307e-04]
[  9.66939473e-01   9.79191751e-03   3.65995966e-06   1.02621234e-05
   1.11266004e-05   2.29787873e-02   2.42885979e-04   7.23679929e-06
   5.75394320e-06   8.89669754e-06]
[  9.88621550e-01   8.70864321e-03   8.68133891e-07   9.81831560e-07
   5.35826495e-06   2.65357052e-03   4.39324368e-06   1.51613357e-06
   1.39028786e-06   1.72841004e-06]
[  9.98375139e-01   7.18112748e-04   5.75105538e-08   3.41532459e-07
   2.28138942e-07   8.98907056e-04   5.94479005e-06   4.01429613e-07
   4.07005303e-07   4.60646762e-07]
[  9.98178398e-01   7.87086498e-04   7.23427148e-08   4.46488108e-07
   2.44943871e-07   1.02665916e-03   5.69641727e-06   4.45419426e-07
   4.49042485e-07   5.01241598e-07]
[  9.20510639e-04   1.11126838e-01   2.05448922e-03   1.19240154e-03
   8.63881496e-01   2.07236411e-02   7.61220456e-07   6.70702325e-05
   2.94537824e-05   3.33845801e-06]
[  9.96895053e-01   1.45931340e-03   1.80498643e-07   9.84132291e-07
   6.33658952e-07   1.63520230e-03   6.32756101e-06   7.81819322e-07
   7.63993571e-07   7.59778513e-07]
[  9.90792766e-01   6.28416296e-03   6.12991352e-07   9.94093317e-07
   3.47268155e-06   2.89378944e-03   1.89355637e-05   1.68151020e-06
   1.55083855e-06   2.03423855e-06]
[  9.91238848e-01   4.92476343e-03   4.96729886e-07   1.14474553e-06
   2.51821480e-06   3.69859178e-03   1.26627608e-04   2.17038254e-06
   1.99178685e-06   2.84686206e-06]
[  7.61923586e-01   1.62122502e-01   1.32087726e-04   1.22430228e-04
   6.11568112e-05   7.38808561e-02   1.61864448e-03   4.69098011e-05
   3.75772686e-05   5.42495876e-05]
[  5.32984001e-07   2.70434691e-04   5.42966105e-03   1.75385997e-02
   1.63417471e-03   9.75083613e-01   2.88910457e-05   7.03488015e-06
   1.25108426e-06   5.80691359e-06]
[  9.89211275e-01   5.42169582e-03   6.98398407e-07   1.73054877e-06
   3.40376856e-06   5.20804291e-03   1.44514857e-04   2.72418748e-06
   2.42735424e-06   3.48727882e-06]
[  9.98441447e-01   7.04200961e-04   5.40471446e-08   3.20414223e-07
   2.17020447e-07   8.46645263e-04   5.88822589e-06   3.87399650e-07
   3.94742053e-07   4.45231274e-07]
[  9.98206743e-01   8.21619277e-04   6.74453673e-08   3.87048673e-07
   2.86668486e-07   9.63211490e-04   6.27992809e-06   4.51112357e-07
   4.55007173e-07   4.99217096e-07]
[  8.95215337e-03   8.18868508e-03   4.59792829e-04   1.82090709e-03
   6.70129441e-04   9.78942836e-01   8.55838296e-04   4.38215371e-05
   1.67584461e-05   4.90780367e-05]
[  9.97769745e-01   8.16200079e-04   8.97614544e-08   6.10095880e-07
   3.32609386e-07   1.40507285e-03   6.31458942e-06   5.27862506e-07
   5.16540766e-07   5.90655324e-07]
[  9.93877735e-01   4.19223449e-03   3.87556504e-07   7.09646925e-07
   2.09937653e-06   1.91850488e-03   5.13396559e-06   1.03357311e-06
   9.76359668e-07   1.18491059e-06]
[  9.95052114e-01   2.21665296e-03   4.61346581e-07   2.68176816e-06
   7.34655536e-07   2.71745566e-03   6.46559396e-06   1.18444363e-06
   1.14591207e-06   1.10402614e-06]
[  9.59770080e-01   2.16092426e-03   2.81535445e-06   3.32841161e-05
   4.88495542e-06   3.80078125e-02   9.61390342e-06   3.92822149e-06
   2.90147162e-06   3.75559624e-06]
[  8.45551845e-01   1.41859566e-01   2.80944523e-05   3.87273790e-06
   1.56253827e-04   1.23760834e-02   3.06013968e-06   7.23146293e-06
   5.93005310e-06   8.06343246e-06]
[  8.59026517e-02   3.01670321e-01   2.56295629e-03   4.50793721e-05
   1.62779149e-04   6.05580863e-01   3.86070943e-03   6.79894900e-05
   4.93754716e-05   9.72750073e-05]
[  9.98295988e-01   7.96364059e-04   6.20879084e-08   3.41317835e-07
   2.54010321e-07   8.99741350e-04   5.93155377e-06   4.16832820e-07
   4.22513210e-07   4.78376998e-07]
[  1.61109323e-04   7.27798702e-03   5.22274255e-02   4.58172932e-05
   1.12973582e-06   9.40281068e-01   1.32222626e-07   2.13179182e-06
   1.45207825e-06   1.74699170e-06]
[  9.97077475e-01   1.50373160e-03   1.48839952e-07   6.26034170e-07
   5.25174245e-07   1.40878137e-03   6.66019910e-06   6.58917297e-07
   6.49667844e-07   7.43670976e-07]
[  9.88603342e-01   5.48851148e-03   1.36615000e-06   5.14083057e-06
   9.25139216e-06   5.87361513e-03   1.06875897e-05   3.18502506e-06
   2.80564392e-06   2.09447264e-06]
[  3.29128677e-07   7.13262072e-02   1.25200349e-03   1.42234095e-04
   9.27052142e-01   2.25840636e-04   3.44378065e-11   7.64926039e-07
   4.52692441e-07   2.62253310e-08]
[  9.97847042e-01   9.35572418e-04   8.67971680e-08   4.76028022e-07
   3.50882618e-07   1.20795203e-03   6.89765485e-06   5.17863620e-07
   5.11410963e-07   5.92598393e-07]
[  9.97788411e-01   1.08834143e-03   9.53379226e-08   4.29640894e-07
   3.68641726e-07   1.11511195e-03   5.64726929e-06   5.08362990e-07
   5.08436257e-07   5.78316800e-07]
[  9.97741197e-01   1.07168551e-03   9.64868943e-08   5.10609307e-07
   4.48993689e-07   1.17729147e-03   7.02148150e-06   5.73803601e-07
   5.69157918e-07   6.05146991e-07]
[  9.36871712e-01   2.88129038e-02   7.14402143e-05   3.51186542e-04
   4.44953388e-06   3.38610969e-02   2.11447633e-06   9.65778403e-06
   8.55819558e-06   6.88036261e-06]
[  9.95856209e-01   1.62166842e-03   2.31232915e-07   8.81931741e-07
   6.21307578e-07   2.50319243e-03   1.43357901e-05   9.16124479e-07
   8.81401234e-07   1.06236390e-06]
[  1.44666568e-01   8.45285307e-01   2.67118397e-05   2.96808106e-04
   1.33319832e-05   9.70137043e-03   4.89659753e-07   1.91977342e-06
   5.18865249e-06   2.30443716e-06]
[  9.83532560e-01   1.02067806e-02   1.79966370e-06   2.98374797e-06
   9.57203121e-06   6.22862217e-03   9.57939202e-06   2.74886050e-06
   2.37840257e-06   2.97498682e-06]
[  9.97989842e-01   7.82504478e-04   7.84605746e-08   5.07787262e-07
   2.97462615e-07   1.21888544e-03   6.36184933e-06   4.89259030e-07
   4.82413790e-07   5.50643416e-07]
[  9.98416910e-01   7.16314140e-04   5.53045576e-08   3.26165056e-07
   2.23948162e-07   8.58991653e-04   5.93372281e-06   3.93609113e-07
   4.00568300e-07   4.51073955e-07]
[  9.98343881e-01   7.35731599e-04   5.99974318e-08   3.44277591e-07
   2.26154727e-07   9.12555325e-04   5.91939727e-06   4.05384992e-07
   4.12206767e-07   4.64390321e-07]
[  8.01679911e-03   2.05804053e-01   3.29198142e-03   4.16057254e-03
   7.16790435e-01   6.17096599e-02   8.32132312e-07   1.47461828e-04
   7.05421447e-05   7.66313445e-06]
[  9.98353822e-01   7.53854239e-04   5.95063458e-08   3.44277081e-07
   2.31907273e-07   8.84611441e-04   5.79710954e-06   4.04526779e-07
   4.11587073e-07   4.63336820e-07]
[  9.92184083e-01   2.30554585e-03   5.51250015e-07   2.84983523e-06
   1.94194056e-06   5.48852525e-03   1.17629098e-05   1.60010312e-06
   1.38114818e-06   1.75840501e-06]
[  9.97613564e-01   1.16213326e-03   9.28552665e-08   4.51038543e-07
   3.92251549e-07   1.20992173e-03   1.15931814e-05   5.80146068e-07
   5.82912813e-07   6.88481926e-07]
[  9.97800336e-01   1.02639520e-03   9.33090295e-08   5.16155618e-07
   4.19976682e-07   1.16357498e-03   6.95182923e-06   5.62214943e-07
   5.59196805e-07   5.91292057e-07]
[  2.08844488e-07   6.35924349e-03   1.41838353e-01   4.38320998e-03
   5.21959298e-01   3.25457095e-01   3.50091713e-12   1.55456396e-06
   2.21798613e-07   8.15470455e-07]
[  7.19191700e-02   1.64108733e-01   8.29359261e-04   9.91343694e-03
   7.71672101e-04   7.52399722e-01   7.43064842e-07   2.02737168e-05
   1.80591752e-05   1.88301643e-05]
[  6.50699701e-01   6.72531415e-03   3.27574162e-05   4.15602629e-04
   6.18677038e-05   3.41893105e-01   1.11166583e-04   2.34654728e-05
   1.36134618e-05   2.34069590e-05]
[  9.93700983e-01   2.75606709e-03   6.93174909e-07   3.49159541e-06
   6.42587966e-07   3.52470307e-03   9.25225544e-06   1.39381331e-06
   1.35329579e-06   1.42003757e-06]
[  9.23025242e-01   5.10395653e-02   1.74666449e-05   2.24487979e-05
   1.94023898e-05   2.48828269e-02   9.40954840e-04   1.69084861e-05
   1.43980377e-05   2.07863498e-05]
[  9.27522330e-05   2.15844540e-02   5.89967107e-02   8.35150198e-03
   6.25401458e-03   9.04702730e-01   2.93095700e-09   9.44844935e-06
   2.73019218e-06   5.65503156e-06]
[  6.50787980e-01   2.68642028e-01   5.10702783e-05   1.04155420e-05
   2.52194309e-04   5.14732763e-02   2.86061554e-02   5.12234376e-05
   3.97660107e-05   8.58907579e-05]
[  4.90925218e-04   8.78152799e-01   7.07062656e-02   3.01852706e-03
   1.58226384e-03   4.59873730e-02   7.26924166e-07   2.98927741e-05
   1.58337082e-05   1.53931804e-05]
[  9.98128486e-01   8.26754270e-04   7.36191597e-08   4.47167649e-07
   2.54088940e-07   1.03669301e-03   5.87408340e-06   4.50575178e-07
   4.57193202e-07   5.10056767e-07]
[  9.98417132e-01   7.20753072e-04   5.52740817e-08   3.21430005e-07
   2.24154724e-07   8.54385620e-04   5.88689754e-06   3.91955924e-07
   3.98978578e-07   4.50633651e-07]
[  9.97407313e-01   1.10291893e-03   1.35428698e-07   7.45690826e-07
   3.34033679e-07   1.48122930e-03   5.49841856e-06   5.90582767e-07
   5.89499276e-07   6.45238024e-07]
[  9.91742085e-01   3.72726134e-03   1.17667388e-06   6.41355760e-06
   8.48391531e-07   4.50738774e-03   9.42085388e-06   1.84760972e-06
   1.77199372e-06   1.78690729e-06]
[  9.97093337e-01   1.34700261e-03   1.37511256e-07   6.78042620e-07
   5.22662975e-07   1.54439646e-03   1.16699607e-05   7.29486779e-07
   7.13843501e-07   8.12185252e-07]
[  4.48902953e-05   9.68826599e-01   9.14537304e-04   6.50493590e-08
   3.00347743e-02   1.78398853e-04   5.89692357e-11   3.09784693e-07
   1.56586156e-07   2.68562711e-07]
[  3.22196773e-04   9.61980851e-01   2.32174677e-02   1.61848646e-04
   6.57591709e-03   7.73043009e-03   1.83999405e-09   5.66334637e-06
   2.90519075e-06   2.71833903e-06]
[  9.60799410e-01   7.20815394e-03   1.05542115e-05   1.03485138e-05
   1.60201376e-06   3.19510372e-02   8.10410422e-06   3.69446914e-06
   3.46499502e-06   3.63049299e-06]
[  1.39320149e-02   1.53819573e-04   5.94932534e-05   7.29192144e-03
   2.71990571e-05   9.78524880e-01   3.50567721e-07   5.11265085e-06
   1.86522311e-06   3.34360435e-06]
[  9.97931813e-01   9.85997576e-04   8.00900869e-08   3.97242206e-07
   3.38230478e-07   1.07174588e-03   8.03223349e-06   5.04248790e-07
   5.04144295e-07   5.87160091e-07]
[  3.74693838e-02   2.70139975e-02   2.13007917e-02   7.58801555e-01
   3.24524039e-07   1.55382881e-01   8.58184227e-09   1.45575568e-05
   1.22383508e-05   4.26233191e-06]
[  4.62441126e-01   3.44643628e-01   7.33457883e-05   1.19845261e-05
   4.48404070e-04   6.91057820e-02   1.23007590e-01   7.64526944e-05
   5.61557972e-05   1.35531305e-04]
[  3.87251424e-01   1.02475476e-01   2.89849293e-04   4.74227107e-04
   4.88539726e-04   5.02866686e-01   5.85345301e-03   1.05441412e-04
   6.28718142e-05   1.32031640e-04]
[  2.88989762e-05   9.61853223e-01   1.58051996e-03   1.10367475e-07
   3.62397122e-02   2.96693050e-04   5.54723972e-11   3.36581156e-07
   1.55125248e-07   3.50770533e-07]
[  9.98282150e-01   8.01992513e-04   6.31075968e-08   3.46773097e-07
   2.58100931e-07   9.08042123e-04   5.82272787e-06   4.19487650e-07
   4.24779905e-07   4.79958735e-07]
[  9.95582314e-01   2.73189236e-03   2.51960937e-07   6.44963878e-07
   1.25757923e-06   1.67516561e-03   5.81955463e-06   8.57916209e-07
   8.23095669e-07   9.73268190e-07]
[  9.98361654e-01   7.36923884e-04   5.80647831e-08   3.40584270e-07
   2.34662632e-07   8.93598452e-04   5.91403741e-06   4.03540036e-07
   4.09588727e-07   4.63086354e-07]
[  9.98288396e-01   7.63962449e-04   6.22633444e-08   3.59977551e-07
   2.51305484e-07   9.39711442e-04   5.93273502e-06   4.19607270e-07
   4.23308345e-07   4.80948051e-07]
[  1.57481321e-02   7.57889403e-04   1.66182625e-04   4.77575802e-03
   1.53378508e-04   9.78381068e-01   3.05722030e-07   8.40355973e-06
   3.04849780e-06   5.83347515e-06]
[  1.84903849e-01   1.61222605e-01   1.57788708e-02   3.45706609e-01
   3.50550553e-06   2.92296539e-01   1.00822264e-07   3.72588742e-05
   3.70296892e-05   1.36329218e-05]
[  9.97010650e-01   1.41563988e-03   1.32966208e-07   5.84030803e-07
   5.20096494e-07   1.55431261e-03   1.58211236e-05   7.39189991e-07
   7.23438398e-07   8.76455760e-07]
[  9.98309513e-01   7.57389691e-04   6.39746974e-08   3.86124741e-07
   2.25302687e-07   9.25423411e-04   5.68788857e-06   4.16051421e-07
   4.23228695e-07   4.71578373e-07]
[  9.97368207e-01   8.21764672e-04   1.11198510e-07   8.18029458e-07
   3.93722935e-07   1.80022850e-03   6.62169068e-06   6.06672715e-07
   5.76455671e-07   6.72416896e-07]
[  3.06876392e-03   2.80917641e-03   2.90475237e-03   4.05865931e-04
   3.77518643e-06   9.90798195e-01   2.42014967e-07   3.89746219e-06
   2.36850479e-06   2.96360790e-06]
[  9.98386623e-01   7.26778846e-04   5.80589440e-08   3.46868834e-07
   2.20603267e-07   8.78907717e-04   5.80239937e-06   3.99337617e-07
   4.06632643e-07   4.56298166e-07]
[  9.98169189e-01   8.27963909e-04   7.17281246e-08   4.17179111e-07
   2.76196041e-07   9.94680793e-04   5.98200967e-06   4.56044687e-07
   4.60267894e-07   5.03368412e-07]
[  9.96307816e-01   1.89498780e-03   1.92418262e-07   9.30610550e-07
   5.95947514e-07   1.78204424e-03   1.08651055e-05   8.15777664e-07
   8.27051534e-07   9.25261174e-07]
[  2.50643740e-03   8.61468783e-01   4.44112480e-03   7.44573626e-05
   1.33601440e-03   8.59477364e-02   4.39703622e-02   8.02949001e-05
   4.53293472e-05   1.29460443e-04]
[  9.96681223e-01   1.72268089e-03   1.45298511e-07   5.89610422e-07
   6.24080255e-07   1.57223880e-03   1.99185349e-05   8.09386138e-07
   8.00813878e-07   9.69541290e-07]
[  9.39135110e-01   3.07524331e-02   1.70499506e-05   9.84261536e-06
   2.32198137e-05   3.00223904e-02   1.80650966e-05   7.43320956e-06
   6.21730049e-06   8.23872449e-06]
[  9.96058051e-01   1.24868097e-03   2.42716617e-07   1.73369048e-06
   5.61448428e-07   2.68247034e-03   5.69779362e-06   8.56926494e-07
   8.02783319e-07   9.02351690e-07]
[  9.90569170e-01   3.53276043e-03   2.17547248e-06   1.83004576e-05
   5.33977980e-07   5.86839006e-03   3.22572758e-06   1.93127956e-06
   1.87242897e-06   1.63991627e-06]
[  9.98220761e-01   8.04255225e-04   6.45282552e-08   3.60242364e-07
   2.60241109e-07   9.65674707e-04   7.22581843e-06   4.41349690e-07
   4.45591163e-07   5.10956510e-07]
[  9.97889393e-01   7.75386629e-04   8.30206457e-08   5.60639217e-07
   3.09498241e-07   1.32641824e-03   6.28144762e-06   5.05041735e-07
   4.94270867e-07   5.68707935e-07]
[  9.97653211e-01   1.13976160e-03   9.31464236e-08   4.81273063e-07
   3.59616215e-07   1.19477003e-03   9.55408604e-06   5.54924672e-07
   5.64538134e-07   6.50100675e-07]
[  9.93672039e-01   2.02853035e-03   4.94440262e-07   1.46707050e-06
   7.56005647e-07   4.28380145e-03   9.40536395e-06   1.15525654e-06
   1.10783177e-06   1.24300458e-06]
[  9.94932781e-01   2.99220572e-03   2.46838685e-07   6.49506534e-07
   1.25123778e-06   2.03210394e-03   3.69462729e-05   1.18723780e-06
   1.13669215e-06   1.49143597e-06]
[  1.43545205e-01   5.48457812e-01   2.77076506e-03   1.62575457e-04
   4.34860634e-03   3.00599950e-01   2.29971147e-06   4.45887273e-05
   2.54907834e-05   4.27073995e-05]
[  9.98317738e-01   7.25419765e-04   6.06213752e-08   3.71296870e-07
   2.37139743e-07   9.48903037e-04   5.96224936e-06   4.14822760e-07
   4.18695458e-07   4.74112431e-07]
[  9.32743112e-01   1.16519507e-02   2.25728377e-05   1.18524969e-05
   2.90905650e-06   5.55422493e-02   1.00920601e-05   5.20394986e-06
   4.78808221e-06   5.26983146e-06]
[  1.18532464e-04   7.55190150e-05   4.40542533e-04   1.10923681e-02
   1.66613147e-04   9.88102852e-01   7.77415530e-09   1.95006008e-06
   4.70425124e-07   1.14441062e-06]
[  9.98271559e-01   7.67846871e-04   6.31569832e-08   3.76376855e-07
   2.42216638e-07   9.52459532e-04   6.11755105e-06   4.22493305e-07
   4.28777800e-07   4.83930158e-07]
[  9.97496226e-01   8.99925733e-04   1.09987182e-07   6.63829312e-07
   3.70356834e-07   1.59456870e-03   6.35887299e-06   5.76054377e-07
   5.59132892e-07   6.41572186e-07]
[  9.98231583e-01   7.46575621e-04   6.50799995e-08   3.97452369e-07
   2.54864408e-07   1.01372697e-03   6.03577511e-06   4.33026130e-07
   4.34346958e-07   4.93969122e-07]
[  9.98396174e-01   7.22618850e-04   5.74285661e-08   3.42503918e-07
   2.19657234e-07   8.73521450e-04   5.80977490e-06   3.97309030e-07
   4.04546046e-07   4.54429243e-07]
[  9.06948304e-07   1.14667659e-03   3.51748533e-03   1.75859228e-03
   6.40899086e-03   9.79671740e-01   7.45071536e-03   1.67384055e-05
   3.06149577e-06   2.50931171e-05]
[  9.74717866e-01   1.62154036e-02   2.04312477e-06   2.87653420e-06
   1.44768028e-05   8.54503215e-03   4.82939904e-04   6.27477040e-06
   5.39677766e-06   7.69021356e-06]
[  9.94639323e-01   2.46228569e-03   3.66197300e-07   1.71062821e-06
   6.90867464e-07   2.88205111e-03   1.02726756e-05   1.05258980e-06
   1.07206878e-06   1.17474222e-06]
[  6.99438109e-04   9.90034466e-01   6.38875006e-04   2.76678073e-07
   7.29287395e-03   1.32889339e-03   5.99966470e-08   1.78959996e-06
   1.02461904e-06   2.30268195e-06]
[  9.98428669e-01   7.11534501e-04   5.48002304e-08   3.23323938e-07
   2.19832020e-07   8.52082707e-04   5.88049281e-06   3.90095749e-07
   3.97316194e-07   4.47988934e-07]
[  9.98446512e-01   7.03318512e-04   5.36211440e-08   3.16505821e-07
   2.17273471e-07   8.42462283e-04   5.89626542e-06   3.86037025e-07
   3.93364248e-07   4.44240953e-07]
[  9.98234174e-01   7.98462783e-04   6.80618599e-08   4.02327466e-07
   2.40888602e-07   9.59492803e-04   5.80124329e-06   4.31273262e-07
   4.38046924e-07   4.89039665e-07]
[  9.98137340e-01   8.75203498e-04   6.78053875e-08   3.58324139e-07
   2.81112402e-07   9.76810511e-04   8.45924868e-06   4.65431729e-07
   4.69759687e-07   5.44381140e-07]
[  9.97764333e-01   1.08110013e-03   8.55293979e-08   4.04395380e-07
   3.66455154e-07   1.13994185e-03   1.19837878e-05   5.60089302e-07
   5.59336601e-07   6.65146972e-07]
[  3.31684257e-20   3.46008842e-08   1.05352749e-03   3.57522171e-07
   9.98945985e-01   9.55147627e-08   1.42348565e-21   4.02616004e-12
   1.72395539e-13   7.11747509e-14]
[  4.47400333e-02   9.48027664e-01   1.95618725e-04   1.27350629e-06
   3.65320912e-03   3.37022319e-03   7.53088122e-08   4.28211996e-06
   2.92564569e-06   4.69462705e-06]
[  2.42119304e-01   7.37287415e-01   2.50005052e-04   6.22463979e-06
   1.48618986e-03   1.88101656e-02   1.98710400e-06   1.35214721e-05
   9.81165464e-06   1.53762524e-05]
[  9.90643840e-01   4.02040792e-03   9.47741340e-07   3.93273531e-06
   3.97347850e-06   5.31077395e-03   9.99505223e-06   2.22672454e-06
   1.95958354e-06   1.94280087e-06]
[  9.75731034e-01   1.44658344e-02   3.43028157e-06   6.45667684e-06
   1.61347575e-05   9.70590755e-03   5.52372512e-05   5.85397036e-06
   5.05883178e-06   5.05192247e-06]
[  2.95640387e-02   9.58426156e-01   3.28400404e-04   1.97641334e-06
   5.75755807e-03   5.90574584e-03   1.50514552e-07   5.75508781e-06
   3.64286531e-06   6.57586426e-06]
[  4.00883093e-05   4.87134659e-01   3.99567112e-01   7.60903182e-04
   3.71620789e-03   1.08761222e-01   7.27827824e-09   1.03735371e-05
   4.68223008e-06   4.74533887e-06]
[  3.08080227e-05   5.27983738e-01   1.87327299e-03   1.08146282e-05
   4.69356370e-01   7.41284585e-04   4.52622605e-10   2.21709442e-06
   1.14547775e-06   3.48528374e-07]
[  7.22555954e-01   1.64856542e-01   6.72632456e-05   3.07972739e-05
   2.53568010e-04   1.04134200e-01   7.93352263e-03   5.19911483e-05
   3.84845399e-05   7.76775425e-05]
[  4.92188010e-02   9.09481942e-01   3.21974603e-04   9.59573803e-05
   1.17588823e-04   4.07280166e-02   7.22506557e-06   7.78414193e-06
   1.13885536e-05   9.32192859e-06]
[  1.24953391e-01   1.21997348e-01   1.30473355e-02   1.78506293e-01
   1.64421922e-05   5.61384039e-01   1.81915584e-07   4.20582051e-05
   3.52279359e-05   1.76836657e-05]
[  1.12187662e-06   8.10209169e-02   2.59064414e-03   1.24714019e-05
   9.16099321e-01   2.73931370e-04   5.48018270e-11   1.11698852e-06
   3.95309007e-07   8.06672513e-08]
[  9.89757243e-01   5.28545630e-03   1.13345068e-06   3.82026376e-06
   5.15457967e-06   4.92803048e-03   1.22097267e-05   2.57858096e-06
   2.32121698e-06   2.05247394e-06]
[  1.42576394e-10   1.63195544e-01   5.88023039e-01   1.76909940e-07
   2.48471826e-01   3.09333672e-04   1.62988413e-13   5.00829099e-08
   1.27835295e-08   1.78691168e-08]
[  3.47823640e-06   9.72870993e-01   3.15499458e-04   1.02294248e-08
   2.66824429e-02   1.16163340e-04   8.64994822e-06   7.55592835e-07
   3.39731888e-07   1.66765031e-06]
[  3.58597748e-04   4.29115544e-01   8.49639300e-04   2.02039045e-06
   2.88748472e-03   2.51765479e-02   5.41488592e-01   3.57899088e-05
   1.92359188e-05   6.65486237e-05]
[  9.95776594e-01   2.15697694e-03   2.34834177e-07   8.62426199e-07
   7.24682102e-07   2.03963656e-03   2.17673187e-05   1.01536038e-06
   9.88699232e-07   1.19889763e-06]
[  1.11005778e-10   9.99746020e-01   5.09457181e-05   3.94504712e-08
   1.75084418e-04   2.34799218e-06   2.55062673e-05   8.06873633e-09
   1.45065836e-08   3.39134001e-08]
[  4.28792269e-05   9.56588851e-01   1.52475975e-03   8.73068310e-07
   7.19004259e-03   5.11864260e-03   2.94813439e-02   1.43256647e-05
   6.95311984e-06   3.13291997e-05]
[  9.13723364e-01   7.51109431e-02   1.43462683e-05   5.37317715e-06
   9.21462463e-05   1.10283731e-02   6.04951888e-06   6.90090252e-06
   5.86276056e-06   6.64075772e-06]
[  2.88725611e-07   9.56096138e-01   3.15335912e-04   5.07788630e-09
   3.77346491e-02   9.41731101e-05   5.75352354e-03   1.25892360e-06
   4.99817924e-07   4.12807998e-06]
[  9.96554819e-01   1.11849528e-03   1.69588496e-07   1.15060335e-06
   6.19087457e-07   2.31574881e-03   6.67925671e-06   7.69203984e-07
   7.21632933e-07   8.27448287e-07]
[  1.49289541e-03   9.96182382e-01   4.72702401e-05   3.20701748e-04
   1.12058636e-04   1.84223320e-03   1.43204174e-08   5.43506876e-07
   1.57466125e-06   3.26006398e-07]
[  5.75844162e-04   9.84219898e-01   6.04456867e-04   2.11481361e-07
   1.39141374e-02   6.83317936e-04   7.32665071e-10   8.14341491e-07
   4.50455629e-07   8.68789444e-07]
[  3.91962735e-08   9.27295635e-01   2.91444161e-02   2.16503606e-08
   4.32509582e-02   3.08372872e-04   1.29275027e-09   2.00462195e-07
   7.39180479e-08   2.81122749e-07]
[  1.39443406e-05   9.91623200e-01   2.67540974e-03   2.55261441e-07
   5.10175648e-03   5.84142333e-04   2.34273420e-09   4.56721481e-07
   2.73894070e-07   5.58716115e-07]
[  2.22507252e-02   1.33585214e-03   2.72032714e-04   2.34522030e-02
   4.62702644e-05   9.52621934e-01   3.20477709e-07   1.01688515e-05
   4.95706074e-06   5.53627017e-06]
[  3.99745569e-07   6.76314275e-01   6.83403581e-04   1.93632819e-08
   1.89034263e-02   5.71493749e-04   3.03508694e-01   3.69647754e-06
