#-*- coding: utf-8 -*-

'''
    test15和test16是用来作对比的，共有6个类，依次为：game,health,house,IT,Military,Music
    test15空值取0，test16空值取0.001，test17空值取0.0001
'''

#Total,error:,0.000216790668798
#Total,error:,0.000215629837402

a=[
[1.14554731e-01,1.47970638e-07,2.39934286e-03,3.31446403e-06
,6.84127266e-15,8.83042459e-01,1.69356005e-09,1.04249945e-09
,4.55992630e-12,2.22773697e-09],
[2.81299435e-01,6.56493655e-01,5.56917900e-02,1.88359849e-03
,1.64483574e-06,4.59061133e-03,1.34210962e-06,1.16563027e-05
,1.22131034e-07,2.61455362e-05],
[9.91876185e-01,8.08329381e-03,2.58813063e-05,1.04605366e-06
,6.60678748e-07,1.21977531e-05,3.99675372e-07,2.66192293e-07
,3.65228621e-09,6.54757077e-08],
[8.92933420e-01,6.07137598e-03,1.64461245e-02,3.49109791e-04
,2.01737482e-10,8.41979848e-02,6.39233759e-08,6.92949927e-07
,2.36996373e-09,1.22576578e-06],
[9.99025006e-01,2.49126134e-04,1.04907619e-04,1.13161057e-07
,3.02439688e-14,6.20839815e-04,6.74228794e-10,5.25555265e-09
,6.08735714e-12,1.59925778e-09],
[4.84730759e-01,9.72394287e-03,2.92491354e-04,3.71750817e-02
,4.67427095e-01,4.31840302e-04,7.15413970e-05,6.95873360e-05
,4.02033661e-06,7.36403320e-05],
[9.42883129e-01,1.09672025e-03,1.89979147e-02,3.36959045e-02
,2.43947317e-07,3.31526059e-03,5.82930834e-07,6.69701223e-06
,2.99235786e-08,3.51711988e-06],
[4.26000264e-01,2.56948523e-05,1.40382053e-04,9.03659793e-05
,9.11693661e-09,5.73742296e-01,2.12871773e-07,1.50397632e-07
,2.20606303e-09,6.23190118e-07],
[9.96962538e-01,1.72893451e-03,2.68100059e-04,9.40346328e-08
,3.87559259e-14,1.04032037e-03,9.77770841e-10,8.29955920e-09
,1.04001847e-11,3.64381733e-09],
[1.63157695e-01,6.53212994e-04,1.55280263e-01,1.26499459e-02
,4.55119868e-10,6.68253731e-01,8.11026276e-08,1.04444488e-06
,5.24238251e-09,4.02069294e-06],
[7.29300965e-01,5.19427482e-03,8.50208864e-03,3.58110187e-05
,8.05605896e-10,2.56963931e-01,2.63995441e-07,5.13015914e-07
,2.16730453e-09,2.14910910e-06],
[4.42882320e-01,1.21452043e-08,4.43592839e-07,2.38628193e-08
,9.55020429e-19,5.57117200e-01,4.93146962e-12,5.72098527e-11
,2.50515522e-14,7.81973933e-11],
[8.62656457e-01,2.77534452e-04,6.38265879e-03,5.73643888e-06
,9.51149486e-13,1.30677542e-01,3.49219016e-08,1.39653983e-08
,8.41734725e-11,2.25028593e-08],
[9.09815074e-01,4.24427209e-03,7.86844783e-03,3.07057917e-05
,3.75169127e-11,7.80407526e-02,3.97619035e-08,2.47359540e-07
,7.61132104e-10,4.59277795e-07],
[9.69037421e-01,4.39231417e-03,8.53047478e-03,6.63879818e-05
,8.94411064e-12,1.79729301e-02,1.40247057e-08,2.32078263e-07
,4.42069259e-10,2.25524003e-07],
[2.80618802e-03,3.98194962e-09,2.01489818e-05,4.93820576e-05
,2.15916912e-14,9.97124270e-01,8.67345050e-11,7.11381808e-10
,2.32937137e-12,5.84442580e-09],
[1.37441476e-01,6.73739747e-07,3.17251586e-03,9.47259677e-07
,3.57664772e-15,8.59384383e-01,1.39109855e-09,9.76752427e-10
,4.41079338e-12,2.21371488e-09],
[8.86749078e-01,9.79034240e-02,2.37398627e-03,2.39528383e-06
,6.73100667e-09,1.29694964e-02,3.31171983e-07,4.02650924e-07
,4.30600872e-09,8.74983387e-07],
[1.15840375e-01,6.31801922e-01,4.47352195e-03,1.07150781e-02
,2.36841282e-01,6.97789707e-05,5.25971049e-05,8.40586179e-05
,4.80556913e-06,1.16580962e-04],
[9.97280352e-01,8.09551797e-05,7.92426128e-04,1.34525651e-06
,1.28586299e-14,1.84490822e-03,7.12676295e-10,9.90418208e-09
,6.87849025e-12,3.03755040e-09],
[9.88730725e-01,3.19790739e-05,1.27293627e-04,5.46438664e-07
,8.12760646e-17,1.11094533e-02,1.04563177e-10,1.42797541e-09
,6.96743807e-13,7.50848282e-10],
[6.77602393e-01,1.49155096e-01,3.94359089e-02,2.73156781e-03
,1.03681779e-04,1.30832346e-01,2.33515814e-05,1.93588347e-05
,7.28986549e-07,9.55668767e-05],
[9.93718604e-01,2.60955431e-05,3.09907048e-05,1.32684444e-08
,3.09453083e-17,6.22429554e-03,4.30856050e-11,5.67350226e-10
,2.92838462e-13,2.63053574e-10],
[8.38292027e-01,1.44320499e-01,1.53406643e-02,1.61932764e-07
,1.07982885e-10,2.04625976e-03,1.40266892e-07,1.14978938e-07
,5.83068647e-10,1.31830631e-07],
[9.97433859e-01,3.18852009e-05,7.12049643e-05,1.28392071e-08
,1.31654596e-17,2.46303752e-03,3.29860801e-11,5.02386118e-10
,2.18839656e-13,1.56056738e-10],
[9.94018557e-01,2.00219265e-04,4.02346784e-04,1.38067474e-07
,6.36482234e-16,5.37873444e-03,2.33059221e-10,3.07523625e-09
,2.14990941e-12,1.48940810e-09],
[3.90055328e-03,9.94855316e-01,3.97509527e-04,1.05125872e-05
,8.25642545e-04,3.33266117e-06,1.32197440e-06,1.63467690e-06
,9.20333588e-08,4.08429513e-06],
[1.62321065e-01,4.92367569e-01,2.84096993e-01,4.32839421e-02
,3.79288660e-03,1.37419887e-02,6.49316471e-05,6.39017405e-05
,3.80003391e-06,2.62922610e-04],
[1.42020557e-01,4.78601759e-02,5.30126384e-01,1.16528523e-01
,5.83535843e-04,1.62552646e-01,4.09109485e-05,3.95439380e-05
,2.26941097e-06,2.45453451e-04],
[9.95082333e-01,4.74267970e-06,4.77988583e-06,6.65388687e-09
,2.13086598e-19,4.90813766e-03,9.45798702e-12,5.36125032e-11
,1.65607869e-14,2.23887870e-11],
[6.51106685e-01,8.89623391e-12,4.31892708e-09,1.82705541e-08
,1.45142186e-19,3.48893292e-01,1.12044024e-12,6.19355260e-12
,2.12582307e-15,3.47936112e-12],
[3.27462531e-03,1.59207799e-14,2.85274875e-07,4.40872357e-06
,6.23669692e-18,9.96720681e-01,2.90232143e-12,3.43091609e-12
,7.61289251e-15,6.00943397e-12],
[8.80539998e-01,3.35929657e-07,2.09770612e-04,3.13270527e-07
,2.67790825e-19,1.19249582e-01,1.69522359e-11,1.70573481e-10
,5.81867027e-14,8.91395213e-11],
[9.99356511e-01,9.34446809e-05,4.22454425e-07,1.80366774e-09
,1.92271982e-13,5.49617720e-04,1.10002955e-09,8.98532139e-10
,2.57723560e-12,4.96230841e-10],
[2.51283239e-02,2.79231507e-09,2.62923082e-07,2.32442865e-06
,4.69733374e-15,9.74869084e-01,4.13643474e-11,3.38547960e-10
,6.06937153e-13,1.75371517e-09],
[9.20184160e-01,6.21764809e-02,5.69102070e-03,2.55829093e-05
,1.64668781e-09,1.19209162e-02,1.48395958e-07,6.43993784e-07
,3.47595642e-09,1.04132811e-06],
[1.32254075e-04,4.76029781e-03,5.67581365e-05,2.23372160e-03
,9.92809890e-01,1.34630485e-08,1.86001655e-06,2.54024246e-06
,2.93830473e-07,2.37078215e-06],
[9.62479040e-02,1.41122343e-04,1.67092659e-01,5.64723250e-01
,1.20364619e-07,1.71775718e-01,4.17699968e-07,5.19140186e-06
,4.30503568e-08,1.35736259e-05],
[9.68423873e-01,3.71395309e-06,1.83090539e-04,3.08145985e-08
,3.88481536e-19,3.13892913e-02,1.58831891e-11,2.08821128e-10
,6.54219951e-14,9.87080617e-11],
[9.98553346e-01,8.31026481e-08,4.37575082e-07,1.19795383e-06
,9.36384330e-13,1.44493076e-03,8.40177609e-10,2.64638492e-09
,4.76210232e-12,6.46577653e-10],
[8.58621776e-01,1.80101642e-02,6.01624895e-02,2.28772786e-02
,9.32425713e-08,4.03020637e-02,5.59888697e-07,9.98542530e-06
,5.02990080e-08,1.55388469e-05],
[8.72701510e-01,6.03796082e-03,3.23266268e-02,8.41169082e-02
,1.59068718e-06,4.78557763e-03,1.15103411e-06,1.65646238e-05
,1.02607516e-07,1.20078542e-05],
[9.96017326e-01,6.59407702e-05,5.40540697e-06,3.09315436e-08
,2.26205278e-12,3.91128490e-03,4.42470015e-09,4.34736202e-09
,1.70591832e-11,3.40907080e-09],
[8.74788632e-01,3.42908372e-03,6.80330532e-04,8.50931372e-05
,3.40982002e-09,1.21014391e-01,1.21027243e-07,6.03114102e-07
,3.64160275e-09,1.73819977e-06],
[7.84839375e-01,2.15080895e-01,7.60113676e-05,2.31093451e-07
,1.31447238e-07,2.81529659e-06,3.01657413e-07,1.90922057e-07
,2.20994652e-09,4.61659186e-08],
[7.24373435e-01,1.28114467e-02,1.31338130e-01,5.17720240e-02
,6.70056064e-08,7.96725194e-02,5.52247138e-07,1.13393831e-05
,5.52681787e-08,2.04301147e-05],
[1.45073886e-02,8.33132756e-05,3.27907729e-01,6.53432773e-01
,5.42126155e-07,4.05132561e-03,4.46273059e-07,5.86220532e-06
,2.89121095e-08,1.05904412e-05],
[2.95483011e-02,9.70195783e-01,2.35584204e-04,1.05598538e-06
,1.49527817e-05,2.57158178e-06,5.45558111e-07,5.96954443e-07
,1.77723091e-08,5.91300590e-07],
[6.08377625e-04,2.14685277e-14,8.06212181e-07,5.57767614e-09
,6.64001255e-25,9.99390811e-01,3.88935245e-15,2.48833109e-14
,8.73741069e-18,5.45530176e-14],
[8.98706065e-07,3.98511977e-08,9.99957772e-01,1.86287214e-06
,1.83322931e-17,3.94255069e-05,6.57629108e-12,8.75223009e-11
,2.74285121e-14,5.20891621e-10],
[9.99378059e-01,1.15904037e-05,2.47594884e-04,1.25423912e-04
,2.45601168e-11,2.37254057e-04,7.09174546e-09,6.20241304e-08
,1.01960670e-10,8.89655528e-09],
[9.98442250e-01,8.61172594e-04,1.53183026e-05,1.74448934e-09
,1.50828015e-15,6.81255833e-04,2.43530468e-10,8.98097029e-10
,1.03030475e-12,4.22680893e-10],
[9.99744597e-01,1.14300020e-04,7.16484471e-05,1.46191122e-05
,1.25593236e-09,5.46912119e-05,2.75615295e-08,9.97731066e-08
,3.61189071e-10,1.55942982e-08],
[1.70878614e-01,1.71694118e-04,4.70830537e-02,7.21085058e-01
,4.12407582e-04,6.02928696e-02,1.51949419e-05,1.87007012e-05
,7.38689338e-07,4.16689935e-05],
[6.85439685e-04,4.38810007e-03,9.94893104e-01,2.24855091e-05
,1.07100574e-08,1.01717998e-05,2.11250794e-07,1.53374731e-07
,7.73777865e-10,3.22584612e-07],
[8.35060632e-01,2.13712436e-08,5.33694590e-07,1.67193370e-09
,1.67945283e-20,1.64938811e-01,1.44127314e-12,1.66242297e-11
,3.97714321e-15,1.19627484e-11],
[6.35437110e-01,3.64512471e-01,3.84005482e-05,6.53127098e-10
,2.12020171e-11,1.19923768e-05,8.91502359e-09,1.14089271e-08
,5.54597816e-11,4.61927433e-09],
[7.19636349e-01,1.94404901e-02,1.43827360e-01,7.03190165e-02
,2.52845300e-07,4.67319551e-02,8.99362846e-07,1.65507037e-05
,9.51787494e-08,2.70309640e-05],
[3.45853537e-01,1.33951759e-09,3.10185777e-07,9.78686005e-10
,4.45969058e-21,6.54146150e-01,1.02707364e-12,5.88140397e-12
,1.24258948e-15,7.79859432e-12],
[9.81542199e-01,2.61188611e-05,4.48465621e-04,4.94147814e-06
,3.25383934e-16,1.79782699e-02,2.86342669e-10,3.22662515e-09
,1.59460728e-12,1.87167128e-09],
[4.62739852e-02,5.09426329e-03,9.44392286e-01,5.56124397e-05
,2.65722495e-11,4.18301451e-03,5.12077231e-08,2.63976787e-07
,4.51240085e-10,5.22767149e-07],
[7.84481710e-03,4.94695286e-01,3.01535157e-03,1.46626737e-03
,4.92892986e-01,1.65124481e-06,2.66312146e-05,2.39394609e-05
,1.95059230e-06,3.11188923e-05],
[9.99680473e-01,2.62221902e-05,4.16865582e-06,1.64805814e-06
,9.91615306e-13,2.87479574e-04,3.01266598e-09,4.16510973e-09
,8.38476941e-12,1.24740700e-09],
[4.29882832e-02,8.91265616e-03,9.33144882e-01,7.29014338e-03
,7.51978802e-09,7.65439880e-03,2.47063063e-07,2.66522028e-06
,8.98039068e-09,6.70730959e-06],
[9.15941033e-02,2.82708406e-09,1.85765102e-05,1.16898410e-06
,2.83486879e-14,9.08386146e-01,9.59397052e-10,3.25183523e-10
,2.13255945e-12,7.26373618e-10],
[7.50546389e-01,5.16071618e-03,2.16744564e-01,5.47359853e-06
,1.34054951e-13,2.75426474e-02,1.27103437e-08,9.05755675e-08
,7.56968714e-11,1.05926516e-07],
[9.61945586e-04,6.39801954e-09,5.05568583e-03,3.83058316e-03
,6.41060156e-16,9.90151776e-01,2.01848928e-10,2.81607467e-10
,1.11487226e-12,2.30414068e-09],
[5.02441100e-01,5.31913203e-08,2.50670327e-04,5.90507863e-08
,3.29961096e-20,4.97308117e-01,7.46482426e-12,8.07262111e-11
,1.93722807e-14,6.72262625e-11],
[5.17032855e-06,4.05452045e-04,9.98804834e-01,7.66740773e-04
,7.89890219e-06,6.89318855e-06,3.42104793e-07,2.59474203e-07
,6.56427996e-09,2.40213883e-06],
[9.94217348e-01,5.52243045e-03,1.88376681e-05,2.53360814e-08
,1.08823811e-12,2.41345415e-04,4.21869623e-09,6.01343471e-09
,1.66220131e-11,3.14425379e-09],
[9.89290131e-01,4.68616160e-03,4.46882149e-03,7.73289881e-04
,9.95423415e-08,7.78149408e-04,3.76984428e-07,2.03309778e-06
,1.22195014e-08,9.24524437e-07],
[7.34636516e-01,1.50014029e-04,1.70367510e-02,2.15800464e-01
,2.42369069e-07,3.23622300e-02,5.36464390e-07,7.01060626e-06
,3.74298709e-08,6.19748707e-06],
[8.38854545e-01,1.06965049e-05,1.63603614e-03,2.71346457e-06
,1.03854021e-15,1.59496000e-01,4.72088643e-10,4.38425470e-09
,4.44846668e-12,3.90416823e-09],
[9.98142511e-01,2.07983461e-06,3.90541811e-04,4.23157093e-04
,1.26738862e-11,1.04163487e-03,6.55525542e-09,5.83722449e-08
,9.16021613e-11,9.96691597e-09],
[1.00634972e-06,1.14266506e-04,9.99687128e-01,1.95644664e-04
,1.21711075e-06,1.57652955e-07,8.60334855e-08,8.46419150e-08
,9.52072362e-10,4.07949279e-07],
[9.97634916e-01,5.79285852e-05,1.42939713e-06,3.07674397e-09
,1.22668793e-17,2.30572229e-03,9.98139139e-11,7.08549841e-11
,5.31482650e-14,5.06956305e-11],
[6.03024639e-01,1.35390930e-07,8.39984074e-07,3.99616805e-08
,6.75110200e-17,3.96974345e-01,3.69864424e-11,2.42754712e-10
,1.98164227e-13,3.92419015e-10],
[9.63225938e-01,2.19781199e-07,2.51060066e-06,2.05325661e-09
,5.75838216e-20,3.67713295e-02,2.80587570e-12,3.73482367e-11
,9.64206293e-15,1.84139418e-11],
[1.80765961e-01,4.85984083e-05,7.64120164e-01,1.78385163e-03
,2.38623140e-12,5.32808669e-02,2.35457592e-08,2.45477393e-07
,2.36152452e-10,2.89469827e-07],
[6.66028742e-04,4.54977054e-08,3.26472622e-02,1.87533695e-02
,1.96953744e-11,9.47933097e-01,4.12675860e-09,1.64459479e-08
,1.89219918e-10,1.76862538e-07],
[5.51394458e-05,2.25703586e-02,1.10630802e-05,6.97924501e-05
,9.77290580e-01,2.64098212e-09,9.70701357e-07,9.08978982e-07
,1.58434900e-07,1.02533713e-06],
[9.87834517e-01,5.06179144e-03,8.59476888e-04,6.33736865e-07
,8.11235032e-11,6.24341168e-03,4.71971807e-08,5.92471804e-08
,3.79008036e-10,6.19155440e-08],
[8.58477794e-01,2.43914364e-05,1.88101529e-02,2.13918425e-02
,1.79940153e-07,1.01291022e-01,1.38543234e-06,1.59684014e-06
,2.24968936e-08,1.61189750e-06],
[9.99592182e-01,1.16682191e-04,5.53528951e-05,2.11842342e-07
,5.06014101e-14,2.35564198e-04,6.77519622e-10,4.95615079e-09
,5.51473380e-12,1.06131306e-09],
[9.54520107e-01,2.63573630e-02,1.10688762e-02,1.60716266e-06
,1.01939738e-11,8.05177257e-03,3.03294039e-08,1.15089241e-07
,3.26148996e-10,1.28624387e-07],
[9.88604232e-01,2.62460562e-04,1.06581159e-03,4.61277933e-07
,3.56837980e-15,1.00670214e-02,6.31577544e-10,7.60240579e-09
,5.59109790e-12,4.73236685e-09],
[8.24463934e-01,1.67707124e-01,4.01360762e-03,1.75659407e-03
,1.36344911e-03,6.22253423e-04,2.87953423e-05,2.06746740e-05
,6.27368830e-07,2.29405572e-05],
[4.76162271e-01,4.99042857e-01,1.88384503e-02,1.51426506e-03
,3.63681017e-05,4.34663735e-03,5.74529190e-06,1.67867374e-05
,3.23024788e-07,3.62955504e-05],
[9.47426968e-01,5.27187538e-03,3.43833360e-03,7.07500399e-04
,1.69997171e-08,4.31500578e-02,2.44334109e-07,1.78886205e-06
,9.99648666e-09,3.20479242e-06],
[9.55353240e-01,5.49798665e-04,2.89723701e-04,1.10996522e-06
,9.21774549e-13,4.38060601e-02,5.02379047e-09,2.55066550e-08
,6.00417578e-11,3.67239374e-08],
[1.65592489e-01,1.29612400e-04,1.41931637e-01,4.24381138e-01
,1.17179514e-07,2.67945083e-01,5.62839520e-07,5.43806806e-06
,4.30516429e-08,1.38793980e-05],
[7.72279081e-01,6.99981390e-11,3.32731021e-08,7.13149515e-08
,1.03544471e-20,2.27720815e-01,1.05443367e-12,5.23676397e-12
,1.14420377e-15,2.66121337e-12],
[5.78689392e-01,4.21237632e-01,6.73508856e-05,4.14049507e-09
,8.07258328e-10,5.53200065e-06,3.70290193e-08,3.76012318e-08
,2.58679795e-10,1.29251580e-08],
[6.69646816e-01,4.45523707e-10,2.88145188e-08,4.36284103e-10
,5.56187793e-22,3.30353155e-01,2.37051667e-13,2.08747488e-12
,3.72304999e-16,1.52182547e-12],
[5.42323830e-03,9.93153460e-01,1.38382009e-03,9.86794334e-06
,1.27629749e-05,1.28768085e-05,3.55321909e-07,9.81788051e-07
,2.83670758e-08,2.60808497e-06],
[8.98105748e-04,9.98949664e-01,1.06012622e-04,5.61999132e-07
,4.41453982e-05,4.67513371e-07,1.68021234e-07,2.50925191e-07
,1.28249540e-08,6.10558035e-07],
[4.32843210e-05,2.11483697e-03,1.19795689e-05,4.86159778e-04
,9.97340889e-01,3.93399891e-09,7.33520504e-07,1.00202617e-06
,1.52169216e-07,9.58488293e-07],
[5.62485796e-04,9.99305858e-01,8.89156090e-05,4.23379890e-07
,4.10490642e-05,3.71405803e-07,1.32143664e-07,2.00956005e-07
,1.09456719e-08,5.53123920e-07],
[1.14245099e-03,8.59963988e-01,1.01907218e-03,1.89098893e-04
,1.37659112e-01,3.71696597e-07,5.73592334e-06,6.65221950e-06
,6.30500572e-07,1.28883917e-05],
[8.04384531e-03,9.91856759e-01,9.71848482e-05,4.57235885e-08
,3.02104617e-07,1.57218685e-06,6.85110934e-08,8.97944353e-08
,2.08578041e-09,1.30274653e-07],
[6.40340020e-04,9.99226907e-01,9.14515501e-05,4.46074316e-07
,3.94777411e-05,4.38203759e-07,1.39124848e-07,2.10005170e-07
,1.12618079e-08,5.78538838e-07],
[1.20568436e-03,9.98594297e-01,1.49636672e-04,8.34335568e-07
,4.74256906e-05,7.99613263e-07,2.13966070e-07,3.12571029e-07
,1.59852051e-08,7.79734832e-07],
[1.65341720e-03,9.98257516e-01,8.23784745e-05,1.64676655e-07
,5.31033506e-06,6.73674567e-07,9.56972944e-08,1.39635593e-07
,5.41495573e-09,2.98801223e-07],
[2.95136140e-01,7.04514145e-01,3.19814021e-04,6.83959734e-08
,3.63382551e-09,2.95619749e-05,7.11564017e-08,1.13528706e-07
,9.43292104e-10,8.15103313e-08],
[4.56321214e-03,8.97838751e-01,9.74601796e-02,6.27485308e-05
,2.64841350e-06,6.23273865e-05,8.23377092e-07,1.96083961e-06
,2.89233051e-08,7.32011424e-06],
[1.13916461e-03,9.98629716e-01,1.91784777e-04,1.22588599e-06
,3.54228453e-05,1.16894989e-06,1.90388636e-07,3.46351942e-07
,1.61334471e-08,9.64150412e-07],
[1.34665329e-03,9.98561903e-01,8.32075144e-05,1.75161049e-07
,6.91837466e-06,5.81562873e-07,9.74596025e-08,1.42138652e-07
,5.79328476e-09,3.15696615e-07],
[3.50709075e-03,9.96266496e-01,1.91930777e-04,2.21740558e-06
,2.96641033e-05,1.10083253e-06,3.10664329e-07,4.19596942e-07
,1.64410887e-08,7.53360577e-07],
[7.59631797e-04,9.99065763e-01,1.49315214e-04,6.75413426e-07
,2.30266184e-05,6.05087045e-07,1.51671381e-07,2.17246048e-07
,1.01840041e-08,6.03480767e-07],
[1.08389715e-02,9.88694746e-01,4.43127454e-04,3.97895473e-06
,1.19655832e-05,5.02080188e-06,4.01271677e-07,6.55101049e-07
,1.93961847e-08,1.11422165e-06],
[6.80392269e-04,9.99182306e-01,9.61727623e-05,4.70738932e-07
,3.91960893e-05,4.84392009e-07,1.44445213e-07,2.17937054e-07
,1.15816678e-08,6.03471642e-07],
[7.01971164e-04,9.99161344e-01,9.89152962e-05,4.75562287e-07
,3.58485551e-05,4.85301467e-07,1.40484037e-07,2.17446865e-07
,1.13225454e-08,5.90797217e-07],
[1.32920617e-03,9.98348104e-01,3.13543499e-04,5.04895852e-07
,6.76877634e-06,9.86290701e-07,1.55336501e-07,2.08144645e-07
,7.37185312e-09,5.15783495e-07],
[5.55737684e-02,9.36219665e-01,7.51166251e-03,4.70329372e-04
,6.60427964e-05,1.33931702e-04,1.96922350e-06,7.76931830e-06
,1.78301242e-07,1.46831154e-05],
[6.18083459e-04,9.99241297e-01,9.31089254e-05,4.87475118e-07
,4.55975320e-05,4.36733735e-07,1.44735371e-07,2.19583524e-07
,1.20077579e-08,6.12586492e-07],
[1.15202618e-04,1.49432877e-01,8.50430066e-01,1.36333215e-05
,6.56877147e-07,4.37851207e-06,3.51888174e-07,4.42160697e-07
,5.01046082e-09,2.38680066e-06],
[4.11737131e-03,9.95618084e-01,2.58903853e-04,3.59876224e-07
,2.89250558e-06,1.61176528e-06,1.52697101e-07,2.18764292e-07
,6.32118823e-09,3.98797322e-07],
[1.52537498e-02,9.83906909e-01,7.99700408e-04,3.53750151e-06
,3.87421297e-06,2.95995928e-05,3.67275364e-07,6.54635050e-07
,1.83773460e-08,1.58938582e-06],
[3.54731825e-03,9.96279490e-01,1.69222718e-04,1.57144896e-07
,1.56316582e-06,1.70021990e-06,1.05029722e-07,1.46138380e-07
,4.42480589e-09,2.92575840e-07],
[5.83787725e-04,9.99151150e-01,2.35486235e-04,6.17964383e-07
,2.72753736e-05,5.71900847e-07,1.60298114e-07,2.37915689e-07
,1.10611404e-08,7.01783365e-07],
[1.41595323e-03,9.97916275e-01,6.56666745e-04,7.26160563e-07
,7.21891540e-06,1.90655265e-06,1.98021071e-07,2.73704137e-07
,9.54380178e-09,7.72098793e-07],
[7.24400892e-06,2.39224887e-02,9.76061933e-01,5.84156187e-06
,6.92418441e-08,1.49299474e-06,6.72282350e-08,8.71172868e-08
,8.66570161e-10,7.75312426e-07],
[7.14650719e-03,9.91257107e-01,1.49117674e-03,2.47863676e-05
,5.67535661e-05,1.68165142e-05,6.85460102e-07,1.69796367e-06
,6.12715985e-08,4.40816504e-06],
[1.62458376e-01,8.36007786e-01,1.44484115e-03,8.37415640e-06
,1.05946358e-07,7.90413223e-05,3.72299993e-07,4.98090705e-07
,6.41491506e-09,5.97906003e-07],
[5.55737684e-02,9.36219665e-01,7.51166251e-03,4.70329372e-04
,6.60427964e-05,1.33931702e-04,1.96922350e-06,7.76931830e-06
,1.78301242e-07,1.46831154e-05],
[2.47093733e-02,6.90557510e-03,9.67787993e-01,5.32735861e-04
,1.68751299e-07,5.94678225e-05,1.06412332e-06,1.95238265e-06
,8.08360469e-09,1.66160328e-06],
[1.66781181e-03,9.98250269e-01,7.65103785e-05,1.30727231e-07
,4.19104599e-06,6.12370435e-07,8.64440099e-08,1.24901073e-07
,4.72890343e-09,2.59055768e-07],
[1.14129496e-03,9.98603257e-01,1.19567323e-04,1.22324838e-06
,1.32324818e-04,6.26291738e-07,2.87784760e-07,4.03244981e-07
,2.28655075e-08,9.92006702e-07],
[1.72455641e-01,8.26305578e-01,1.13428069e-03,5.56663595e-07
,1.58419167e-07,1.02533244e-04,3.68323830e-07,3.84999582e-07
,6.98329838e-09,4.91337719e-07],
[8.79801715e-04,9.98958240e-01,1.28926477e-04,6.53999820e-07
,3.06120762e-05,6.75073282e-07,1.50318973e-07,2.52354223e-07
,1.22622277e-08,6.75440458e-07],
[6.73475993e-04,9.99182266e-01,1.10072548e-04,4.70810200e-07
,3.22981650e-05,4.74099268e-07,1.37574062e-07,2.13346204e-07
,1.08589498e-08,5.80493538e-07],
[5.74266566e-04,9.99279010e-01,9.78861217e-05,5.18431241e-07
,4.69058203e-05,4.15953749e-07,1.42554300e-07,2.21239178e-07
,1.21297047e-08,6.21620600e-07],
[6.35351294e-02,9.34605521e-01,1.33132925e-03,2.95066876e-05
,4.69849152e-04,1.55545851e-05,4.19047567e-06,3.99270772e-06
,1.60429824e-07,4.76664054e-06],
[2.41974770e-01,7.46974443e-01,1.00567691e-02,3.24284594e-05
,2.67229080e-06,9.49472447e-04,1.89851223e-06,2.59393280e-06
,5.87340436e-08,4.89368797e-06],
[5.87667568e-03,9.93997566e-01,1.22839529e-04,9.03749896e-08
,8.04067097e-07,1.60872931e-06,9.13881708e-08,1.21649361e-07
,3.27104079e-09,1.99379798e-07],
[8.07688884e-01,2.00894270e-03,1.40081933e-05,1.60554700e-06
,2.19545809e-08,1.90285148e-01,2.25111541e-07,1.73353833e-07
,2.50106394e-09,9.88272888e-07],
[6.11883537e-04,9.99256228e-01,9.39528916e-05,4.19715981e-07
,3.62106789e-05,4.08533770e-07,1.33304485e-07,2.01499387e-07
,1.06887234e-08,5.50852119e-07],
[2.78984427e-05,7.84213439e-03,6.49988858e-06,1.34719516e-04
,9.91986655e-01,1.34293720e-09,7.35663082e-07,5.96997575e-07
,1.07511281e-07,6.51375408e-07],
[3.63379754e-03,9.91959703e-01,3.05527021e-04,1.82540311e-05
,4.07481161e-03,5.65537591e-07,1.75065313e-06,2.21580093e-06
,1.41567478e-07,3.23343079e-06],
[5.08520020e-03,9.92181231e-01,1.89313609e-03,3.72184726e-05
,7.89194109e-04,3.53755887e-06,2.06007952e-06,2.75056952e-06
,1.24617206e-07,5.54703397e-06],
[1.07008787e-02,9.87294627e-01,1.95265343e-03,1.43236416e-05
,9.18319480e-06,2.36299411e-05,4.34813946e-07,1.25799717e-06
,3.18647408e-08,2.97949558e-06],
[1.84313014e-03,9.97773030e-01,3.02134949e-04,3.34107703e-06
,7.41959982e-05,1.68252119e-06,3.16723688e-07,6.13260876e-07
,2.81337228e-08,1.52742785e-06],
[1.05342009e-03,9.98827390e-01,1.03254159e-04,3.06438832e-07
,1.42570739e-05,6.09944562e-07,1.21478590e-07,1.82549528e-07
,8.14235477e-09,4.50390712e-07],
[5.25406992e-04,9.99327634e-01,9.61773465e-05,4.97930897e-07
,4.89310435e-05,3.78068476e-07,1.40368541e-07,2.14432985e-07
,1.19355614e-08,6.07738035e-07],
[1.10153842e-03,9.98654812e-01,1.55306806e-04,1.85996652e-06
,8.41935512e-05,6.66335328e-07,2.68050284e-07,3.84044204e-07
,2.00526204e-08,9.51230579e-07],
[6.98637208e-04,9.99106385e-01,1.38507171e-04,7.46503228e-07
,5.38926605e-05,5.89048891e-07,1.79829220e-07,2.72694530e-07
,1.47557877e-08,7.74993074e-07],
[9.63477485e-08,8.98019501e-05,9.99649156e-01,2.33415224e-04
,2.68435927e-05,9.97368773e-09,1.25566921e-07,8.42266569e-08
,1.46299111e-09,4.65304921e-07],
[6.95258232e-04,9.99186249e-01,8.82245700e-05,3.63135273e-07
,2.86486806e-05,4.26996767e-07,1.26285065e-07,1.90509242e-07
,9.75975570e-09,5.02758927e-07],
[7.45615833e-03,2.12409718e-05,9.47194756e-02,7.50511623e-03
,3.06401916e-10,8.90296899e-01,5.99313915e-08,9.30583778e-08
,1.45711335e-09,9.55041652e-07],
[5.28838987e-04,9.99327730e-01,9.24953115e-05,4.91193979e-07
,4.91067280e-05,3.74652366e-07,1.39374319e-07,2.12404895e-07
,1.18894202e-08,5.99955424e-07],
[6.44002792e-04,9.99208818e-01,1.06798958e-04,5.12909911e-07
,3.84115921e-05,4.67185792e-07,1.42100967e-07,2.21757941e-07
,1.16289835e-08,6.12903452e-07],
[5.44599787e-04,9.99313373e-01,9.30114685e-05,5.08006656e-07
,4.71571860e-05,3.86671994e-07,1.40537012e-07,2.12287620e-07
,1.17754386e-08,5.99266861e-07],
[3.93987377e-03,9.95394248e-01,6.45126743e-04,5.67544219e-06
,8.21515984e-06,4.82845267e-06,2.96310606e-07,4.97185624e-07
,1.52214291e-08,1.22390695e-06],
[1.88711775e-01,7.18353007e-01,3.72451887e-04,1.66837986e-04
,9.23488858e-02,6.93236761e-07,2.28526291e-05,1.70235838e-05
,9.16286569e-07,5.55604543e-06],
[6.20224496e-03,9.93331135e-01,4.59985249e-04,4.48852924e-07
,2.42102390e-06,2.77659170e-06,1.99408434e-07,2.80333345e-07
,7.16746512e-09,5.01357644e-07],
[8.97306848e-01,1.02607295e-01,7.37375967e-05,8.71848779e-06
,3.28139226e-09,3.12418908e-06,1.89667842e-07,6.77278929e-08
,4.16924156e-10,1.54573794e-08],
[5.58998042e-01,4.40693565e-01,2.84001861e-04,9.56685546e-08
,9.36330763e-09,2.39283646e-05,1.16224944e-07,1.60614229e-07
,1.39111315e-09,7.97689463e-08],
[1.05222550e-03,2.15380260e-01,2.45012479e-04,3.28464431e-04
,7.82972718e-01,8.96087113e-08,6.35774211e-06,6.49212514e-06
,7.63032916e-07,7.61754125e-06],
[6.27427874e-03,9.92726128e-01,9.39279935e-04,7.93299264e-06
,3.05060437e-05,1.72167585e-05,5.52304191e-07,1.02815808e-06
,3.85038897e-08,3.03858394e-06],
[5.83541868e-04,9.99204487e-01,1.68035641e-04,7.11079988e-07
,4.15114961e-05,5.35954049e-07,1.61454252e-07,2.55355539e-07
,1.29472075e-08,7.47677079e-07],
[5.95941832e-04,9.99259170e-01,9.63593996e-05,5.19236342e-07
,4.65765522e-05,4.31890961e-07,1.45220521e-07,2.21458341e-07
,1.21453162e-08,6.22656054e-07],
[5.64618823e-04,9.99285727e-01,9.92712240e-05,5.27102742e-07
,4.84361368e-05,4.13335027e-07,1.43832519e-07,2.22649987e-07
,1.22959480e-08,6.27831791e-07],
[3.11208547e-03,9.96377245e-01,3.63765991e-04,4.84551320e-06
,1.36423892e-04,2.27408589e-06,5.31598397e-07,8.59832587e-07
,4.12991348e-08,1.92742976e-06],
[3.78435072e-01,6.20662716e-01,8.74687482e-04,3.65890059e-09
,7.04415133e-11,2.74315827e-05,3.39609806e-08,3.40286951e-08
,1.47121976e-10,2.11093428e-08],
[6.61620987e-04,9.99183244e-01,1.04985244e-04,5.89160769e-07
,4.79429855e-05,5.20155503e-07,1.55696054e-07,2.41513686e-07
,1.30636043e-08,6.87148909e-07],
[9.31285470e-04,9.98787718e-01,1.71176084e-04,1.36696150e-06
,1.06017987e-04,6.89435060e-07,2.71740081e-07,3.96279059e-07
,2.18235324e-08,1.05583590e-06],
[2.45185040e-01,7.54765931e-01,4.17734884e-05,5.65039372e-10
,7.94541517e-11,7.22401722e-06,1.11966866e-08,1.24069080e-08
,8.46121556e-11,7.07681518e-09],
[1.08304910e-01,8.91256390e-01,4.21113038e-04,1.63766758e-06
,5.00490778e-06,8.77841334e-06,6.44407799e-07,8.34984242e-07
,1.80645616e-08,6.68519142e-07],
[4.08365721e-03,9.95751752e-01,1.60850917e-04,1.94151036e-07
,1.35814315e-06,1.64800028e-06,1.05966775e-07,1.48415946e-07
,4.18974518e-09,2.80706752e-07],
[5.21878454e-03,9.93595237e-01,9.38766457e-04,1.40840195e-05
,2.09079286e-04,1.64037271e-05,1.14028391e-06,1.51451985e-06
,8.38385726e-08,4.90677821e-06],
[3.03338205e-03,9.95979996e-01,2.17010214e-04,6.81111025e-06
,7.56125532e-04,1.70994987e-06,9.02611932e-07,1.22267830e-06
,7.33278065e-08,2.76679185e-06],
[2.11055167e-03,9.97701592e-01,1.56410351e-04,6.97975573e-07
,2.85251883e-05,9.74757725e-07,2.28890254e-07,3.19437094e-07
,1.38214219e-08,6.85760498e-07],
[9.13412664e-04,9.98976587e-01,8.89873923e-05,3.09764810e-07
,1.94694679e-05,4.77141766e-07,1.22368450e-07,1.81727197e-07
,8.65152342e-09,4.43735877e-07],
[7.18039304e-04,9.98973583e-01,1.38433889e-04,1.37368394e-06
,1.66344797e-04,4.95065411e-07,2.64982293e-07,3.90971052e-07
,2.39823543e-08,1.05018772e-06],
[4.80264060e-03,9.92899635e-01,1.06696214e-03,4.00657204e-05
,1.17242727e-03,6.92267240e-06,1.93755116e-06,2.60738475e-06
,1.62686851e-07,6.63877014e-06],
[6.69276402e-04,9.99172320e-01,1.16410716e-04,5.94325383e-07
,3.98288323e-05,5.13859813e-07,1.48283765e-07,2.36803878e-07
,1.23240853e-08,6.58842347e-07],
[7.74647427e-03,9.92181427e-01,7.03047958e-05,3.10402186e-08
,2.12584543e-07,1.32189016e-06,5.34401565e-08,7.20517123e-08
,1.66034133e-09,1.01532643e-07],
[1.15985473e-02,9.85047081e-01,3.34061656e-03,3.94179486e-07
,1.17721196e-07,1.23539863e-05,1.62187280e-07,2.46422534e-07
,3.34083171e-09,4.77447516e-07],
[3.99847682e-03,9.95552651e-01,3.14827994e-04,4.28543751e-06
,1.17517445e-04,7.87725569e-06,6.42642820e-07,8.80775270e-07
,4.44479319e-08,2.79629721e-06],
[7.63950718e-05,1.15296267e-02,1.71789681e-05,1.69592322e-04
,9.88202946e-01,7.60140738e-09,1.25604977e-06,1.25240427e-06
,1.98481909e-07,1.54686976e-06],
[4.18837116e-03,9.94340304e-01,1.46152604e-03,1.08684466e-06
,4.57437907e-06,2.58219053e-06,3.11507862e-07,4.18949473e-07
,1.02662579e-08,8.14626074e-07],
[3.51260624e-03,9.95453844e-01,1.02252119e-03,1.20871524e-06
,4.37957278e-06,3.85081424e-06,2.50041289e-07,3.94175619e-07
,1.05288877e-08,9.34758921e-07],
[8.23851116e-03,9.91533976e-01,2.10963924e-04,6.27755786e-07
,1.25075219e-05,2.07018181e-06,3.20177888e-07,3.93386479e-07
,1.29860206e-08,6.17090722e-07],
[6.68197782e-04,3.03594305e-02,1.48844176e-04,2.09477635e-03
,9.66710405e-01,9.09860457e-08,3.94395945e-06,6.62772610e-06
,7.18844726e-07,6.96500492e-06],
[3.16965565e-03,9.96268506e-01,4.04612800e-04,5.56228137e-06
,1.46059835e-04,2.03650906e-06,5.57016020e-07,9.41759783e-07
,4.23454246e-08,2.02627654e-06],
[1.43317187e-03,3.18879229e-02,1.76400204e-04,2.77523247e-03
,9.63705844e-01,9.65774534e-08,5.91606311e-06,8.11010378e-06
,7.95951320e-07,6.51003925e-06],
[3.16965565e-03,9.96268506e-01,4.04612800e-04,5.56228137e-06
,1.46059835e-04,2.03650906e-06,5.57016020e-07,9.41759783e-07
,4.23454246e-08,2.02627654e-06],
[7.64074998e-04,9.99010687e-01,1.95734923e-04,6.02710073e-07
,2.70284177e-05,7.24678280e-07,1.67547940e-07,2.48706969e-07
,1.15725779e-08,7.19071877e-07],
[9.47595730e-04,9.98809992e-01,1.88172768e-04,1.16166781e-06
,5.04976797e-05,1.03171066e-06,2.15513553e-07,3.34721614e-07
,1.74202830e-08,9.80516279e-07],
[5.84059676e-03,9.93466558e-01,5.38746961e-04,5.57394902e-06
,1.44047046e-04,1.12274075e-06,8.80446870e-07,9.98067494e-07
,3.88661428e-08,1.43671374e-06],
[7.23185960e-03,9.92156055e-01,5.97784777e-04,1.04805886e-06
,8.87881638e-06,2.77334427e-06,3.58152287e-07,4.60248388e-07
,1.36443246e-08,7.67902519e-07],
[2.24132419e-03,9.97196053e-01,3.63869584e-04,1.50469327e-05
,1.78724655e-04,1.46616453e-06,5.83167548e-07,8.84823626e-07
,4.22858235e-08,2.00472298e-06],
[1.68277661e-02,9.82860492e-01,2.63788584e-04,1.77765756e-06
,4.25051570e-05,1.47092596e-06,6.36269107e-07,7.51882928e-07
,2.45839758e-08,7.87233358e-07],
[4.25030644e-01,5.74654136e-01,1.93639406e-04,5.68645376e-08
,6.11724866e-09,1.21160123e-04,1.08742149e-07,1.21762985e-07
,1.28951783e-09,1.25872856e-07],
[1.54568501e-03,9.98246395e-01,1.52089256e-04,1.14672757e-06
,5.12412876e-05,1.67473902e-06,2.51725079e-07,3.84148427e-07
,1.91966103e-08,1.11337749e-06],
[5.08520020e-03,9.92181231e-01,1.89313609e-03,3.72184726e-05
,7.89194109e-04,3.53755887e-06,2.06007952e-06,2.75056952e-06
,1.24617206e-07,5.54703397e-06],
[1.08435965e-03,9.98734226e-01,1.20427958e-04,8.54607547e-07
,5.75206346e-05,1.09839784e-06,2.18099595e-07,3.21045105e-07
,1.71623360e-08,9.56811637e-07],
[9.89288978e-03,9.86602881e-01,3.42523956e-03,2.70811712e-05
,9.51203608e-06,3.59777290e-05,4.84624400e-07,1.60803067e-06
,3.85372158e-08,4.28779149e-06],
[8.05746811e-04,9.99033096e-01,1.27144969e-04,6.04318633e-07
,3.17425157e-05,6.07593381e-07,1.49174578e-07,2.42583068e-07
,1.19389599e-08,6.54508868e-07],
[8.68500626e-03,9.90937892e-01,2.89923971e-04,3.59771592e-06
,7.84554518e-05,2.24449740e-06,5.89946081e-07,8.98110277e-07
,3.49023900e-08,1.35715963e-06],
[5.51335415e-04,9.99304743e-01,9.30315705e-05,4.93023233e-07
,4.90220279e-05,3.93514068e-07,1.41420540e-07,2.16571670e-07
,1.20441956e-08,6.11211261e-07],
[1.09453843e-01,8.73490104e-01,1.47361716e-02,4.71218284e-04
,2.14190711e-04,1.56544476e-03,8.41212677e-06,1.33004073e-05
,3.93455846e-07,4.69209134e-05],
[7.63994015e-04,9.99108574e-01,9.89036389e-05,4.12593691e-07
,2.67575249e-05,4.86310020e-07,1.29934203e-07,2.02483223e-07
,1.00661500e-08,5.29673907e-07],
[6.87698131e-04,9.99143305e-01,1.23404605e-04,6.93068317e-07
,4.32114984e-05,5.55290671e-07,1.54756303e-07,2.53820381e-07
,1.32426453e-08,7.10932613e-07],
[2.83366133e-03,9.96155678e-01,7.78500391e-04,1.34879928e-05
,2.09984187e-04,3.20888583e-06,7.04978315e-07,1.35896906e-06
,6.05157253e-08,3.35521181e-06],
[5.60990440e-04,9.99294841e-01,9.71660859e-05,5.29586083e-07
,4.50982161e-05,4.01123381e-07,1.40754574e-07,2.15540275e-07
,1.17862365e-08,6.05232777e-07],
[9.80530704e-04,9.98845591e-01,1.17939296e-04,7.59264731e-07
,5.27884074e-05,9.78448590e-07,2.02466602e-07,2.99127698e-07
,1.58935953e-08,8.95755510e-07],
[2.18502990e-03,9.97280974e-01,5.26234607e-04,8.28895832e-07
,3.70282223e-06,2.15329334e-06,1.65008279e-07,2.61187876e-07
,7.73949567e-09,6.42084012e-07],
[4.01419495e-01,5.98229530e-01,3.17138692e-04,5.73704562e-08
,7.62117257e-10,3.36014081e-05,5.44166328e-08,7.31371942e-08
,4.69184001e-10,4.82408144e-08],
[1.06087832e-02,9.70875697e-01,1.65060024e-02,1.49681295e-03
,4.83305048e-04,7.47785719e-06,7.48115905e-06,5.09112591e-06
,1.58744362e-07,9.19018057e-06],
[1.05342009e-03,9.98827390e-01,1.03254159e-04,3.06438832e-07
,1.42570739e-05,6.09944562e-07,1.21478590e-07,1.82549528e-07
,8.14235477e-09,4.50390712e-07],
[5.22761663e-04,9.99334998e-01,9.04808134e-05,4.80620811e-07
,4.99532212e-05,3.66501010e-07,1.38536264e-07,2.11522615e-07
,1.18682947e-08,5.97297924e-07],
[5.91674260e-04,9.99057026e-01,3.01087095e-04,1.00877717e-06
,4.69499384e-05,7.26296162e-07,2.10915852e-07,3.13993515e-07
,1.52034235e-08,9.87900132e-07],
[6.08388292e-04,9.99245212e-01,9.66988527e-05,5.17928245e-07
,4.77158642e-05,4.46592128e-07,1.47504968e-07,2.25249465e-07
,1.23703874e-08,6.35074681e-07],
[9.35623617e-01,6.42401078e-02,1.10144275e-04,8.84941436e-06
,1.29876577e-05,1.66398507e-06,1.23942041e-06,1.18672052e-06
,1.73908130e-08,1.86533693e-07],
[1.01577678e-03,9.98653170e-01,2.06738053e-04,1.95545649e-06
,1.19341175e-04,9.57308071e-07,2.99327117e-07,4.59845259e-07
,2.61384646e-08,1.27611673e-06],
[1.52537498e-02,9.83906909e-01,7.99700408e-04,3.53750151e-06
,3.87421297e-06,2.95995928e-05,3.67275364e-07,6.54635050e-07
,1.83773460e-08,1.58938582e-06],
[1.68766954e-03,9.97806950e-01,4.48086566e-04,2.41785401e-06
,4.92039103e-05,3.19421775e-06,3.47795814e-07,5.11051544e-07
,2.57214098e-08,1.59304400e-06],
[6.07948689e-04,9.99241774e-01,9.95947028e-05,5.53410425e-07
,4.86255581e-05,4.57404660e-07,1.48395076e-07,2.31037333e-07
,1.26566361e-08,6.53798153e-07],
[6.07948689e-04,9.99241774e-01,9.95947028e-05,5.53410425e-07
,4.86255581e-05,4.57404660e-07,1.48395076e-07,2.31037333e-07
,1.26566361e-08,6.53798153e-07],
[1.37286251e-02,9.84608513e-01,4.89569807e-04,1.48535828e-05
,1.14852025e-03,2.04904511e-06,2.24752293e-06,2.44599478e-06
,1.22749660e-07,3.05337735e-06],
[4.73786828e-03,9.95074124e-01,1.45268226e-04,8.35409412e-07
,3.95074391e-05,9.70041742e-07,3.30410387e-07,4.20902786e-07
,1.75018889e-08,6.57709836e-07],
[3.55658285e-02,9.63710297e-01,6.92657158e-04,2.53623205e-06
,7.77141086e-06,1.78919948e-05,6.95056885e-07,8.79218442e-07
,2.16393326e-08,1.42194431e-06],
[6.10537898e-04,9.99221787e-01,1.16933659e-04,6.28928108e-07
,4.85402079e-05,4.73304060e-07,1.54122156e-07,2.43919925e-07
,1.30956334e-08,6.87808214e-07],
[9.35797601e-01,6.40604446e-02,6.02116271e-05,7.53653786e-09
,7.59097119e-11,8.16806266e-05,2.01277757e-08,2.31816603e-08
,1.29530006e-10,1.15082763e-08],
[1.01288049e-01,8.87496847e-01,1.03378259e-02,1.16585124e-05
,9.22132116e-07,8.58626778e-04,1.04110549e-06,1.37139678e-06
,3.15457196e-08,3.62699516e-06],
[2.13417655e-03,9.97733723e-01,1.21400049e-04,4.94808562e-07
,8.50582735e-06,9.13598724e-07,1.51748894e-07,2.01123263e-07
,7.67826031e-09,4.26013231e-07],
[6.56247647e-04,9.99169413e-01,1.29388118e-04,6.45644851e-07
,4.26355082e-05,5.46123771e-07,1.56583432e-07,2.47976689e-07
,1.29485090e-08,7.06028201e-07],
[8.89962764e-04,9.98931127e-01,1.40815414e-04,7.95991481e-07
,3.53699962e-05,7.27389752e-07,1.61597224e-07,2.76580858e-07
,1.35391490e-08,7.49534438e-07],
[5.95261994e-04,9.99258267e-01,9.84852530e-05,5.13055828e-07
,4.60306698e-05,4.37822196e-07,1.44777379e-07,2.21945696e-07
,1.21591500e-08,6.25294329e-07],
[1.12235729e-03,9.98678022e-01,1.52691483e-04,9.74833970e-07
,4.32768374e-05,1.18588591e-06,2.03820784e-07,3.25438349e-07
,1.64399027e-08,9.46250540e-07],
[6.68318271e-04,9.99172249e-01,1.13617439e-04,6.34046202e-07
,4.35735556e-05,5.18402944e-07,1.50470829e-07,2.44284296e-07
,1.28844292e-08,6.81788397e-07],
[5.74957985e-04,9.99273782e-01,9.99309683e-05,5.89111403e-07
,4.93096052e-05,4.10651029e-07,1.47680716e-07,2.26384182e-07
,1.24353519e-08,6.33406646e-07],
[1.12173408e-02,6.38733152e-02,9.53452455e-04,4.05986222e-03
,9.19830610e-01,1.79043222e-06,2.50706366e-05,1.93649445e-05
,2.10558124e-06,1.70872110e-05],
[1.01772180e-02,9.87509501e-01,2.26925928e-03,3.36080525e-06
,3.90958435e-06,3.35822848e-05,4.78184452e-07,6.91375794e-07
,1.91277461e-08,1.98066489e-06],
[1.51732831e-03,9.95585471e-01,2.81911061e-03,9.09633610e-06
,5.91360463e-05,4.68369761e-06,6.09352510e-07,1.02877994e-06
,3.67613212e-08,3.49880437e-06],
[4.08962336e-03,9.95765880e-01,1.39485687e-04,2.05030400e-07
,3.25047539e-06,9.53328308e-07,1.36073481e-07,1.75238376e-07
,5.42154736e-09,2.85242217e-07],
[6.61691352e-04,9.99095823e-01,2.10915599e-04,6.53473982e-07
,2.91644637e-05,6.12007041e-07,1.65349849e-07,2.48084555e-07
,1.16084714e-08,7.15403834e-07],
[8.25018745e-04,9.98818923e-01,1.56596398e-04,1.66053923e-06
,1.95328710e-04,5.25762339e-07,3.08508508e-07,4.48370271e-07
,2.66948754e-08,1.16344037e-06],
[5.14068694e-02,9.47940786e-01,4.59712654e-04,9.08352229e-06
,6.16763272e-05,1.12614127e-04,1.64786481e-06,2.04172490e-06
,7.18392776e-08,5.49652298e-06],
[1.82510441e-03,9.98076404e-01,9.38014577e-05,1.45119793e-07
,3.36220844e-06,6.99589320e-07,8.97870802e-08,1.26960525e-07
,4.53937232e-09,2.62187694e-07],
[4.36583772e-03,9.94788800e-01,7.15895876e-04,5.20477631e-06
,1.18658848e-04,1.93768625e-06,7.57926024e-07,1.00580578e-06
,4.02492164e-08,1.86085257e-06],
[1.87623747e-02,3.93678694e-01,5.93090196e-02,4.26685195e-02
,4.85095366e-01,9.36705706e-05,8.58260102e-05,8.75994594e-05
,7.62016404e-06,2.11310272e-04],
[6.25766039e-01,3.74103641e-01,1.12431356e-04,4.78852034e-08
,1.20556484e-08,1.75316850e-05,1.15564596e-07,1.22512111e-07
,1.18822192e-09,5.70468457e-08],
[1.38678476e-03,9.98460840e-01,1.31934858e-04,4.67822243e-07
,1.81176196e-05,8.91716342e-07,1.56372518e-07,2.31469229e-07
,1.05162225e-08,5.65320864e-07],
[2.42520834e-03,8.68614511e-01,6.92008401e-04,2.14010709e-04
,1.28025906e-01,6.12846655e-07,6.24471860e-06,7.72416968e-06
,7.24385544e-07,1.30503184e-05],
[6.68197782e-04,3.03594305e-02,1.48844176e-04,2.09477635e-03
,9.66710405e-01,9.09860457e-08,3.94395945e-06,6.62772610e-06
,7.18844726e-07,6.96500492e-06],
[5.65618497e-03,9.88153472e-01,6.11231706e-03,1.50344187e-05
,1.40449560e-05,4.27334354e-05,8.10758576e-07,1.15691098e-06
,3.94317461e-08,4.20580240e-06],
[1.22826061e-03,9.98477759e-01,1.39460862e-04,1.38701499e-06
,1.50865989e-04,5.20025847e-07,3.10137177e-07,4.39821449e-07
,2.46258597e-08,9.71812150e-07],
[7.53783962e-04,9.98655652e-01,5.15261799e-04,1.71434723e-06
,7.08976268e-05,7.06496034e-07,3.07466416e-07,4.40534318e-07
,2.01408604e-08,1.21524193e-06],
[3.05381093e-03,9.95636186e-01,1.22497642e-03,7.17441580e-06
,5.66915051e-05,1.63356103e-05,6.38029974e-07,8.64656722e-07
,4.64908183e-08,3.27559227e-06],
[2.16774266e-01,6.87600650e-06,7.78348876e-01,2.16883803e-03
,2.19276003e-12,2.70085174e-03,2.28129056e-08,2.00061181e-07
,1.02957730e-10,7.00585373e-08],
[5.60027893e-07,3.24667535e-06,9.99321128e-01,6.74884298e-04
,4.53690589e-08,3.38246558e-08,2.36892423e-08,2.35869100e-08
,1.08719956e-10,5.48566879e-08],
[2.71674846e-03,4.84369139e-04,2.08266023e-01,7.67683611e-01
,1.70777955e-02,3.64097725e-03,2.51779097e-05,1.61830843e-05
,1.67761166e-06,8.74372260e-05],
[1.59141191e-07,1.75350968e-06,9.92601040e-01,7.39689955e-03
,1.81709643e-08,4.18931579e-08,1.41511078e-08,1.52838243e-08
,6.53204403e-11,5.81665950e-08],
[4.38794416e-08,1.89016718e-08,9.99988056e-01,6.09990838e-06
,2.05111710e-16,5.78081948e-06,4.64932837e-12,7.93717583e-11
,3.84051453e-14,7.83046405e-10],
[7.34654143e-01,9.60686218e-03,7.79317754e-02,1.36204116e-02
